"X1" "X2" "cl" "nbases" "wilks.lambda" ".sample"
1.21858986201057 1.70876143776059 "2" 79 0.00282729475618121 1
0.598314274823303 -1.330535003201 "1" 79 0.00282729475618121 1
-1.98574902643557 0.173608740303413 "3" 79 0.00282729475618121 1
-1.42667901585693 0.182794514680218 "3" 79 0.00282729475618121 1
0.48664433097861 1.21197989032882 "2" 79 0.00282729475618121 1
0.856451346556368 -0.982418096364168 "1" 79 0.00282729475618121 1
0.152223545385236 1.03692699443415 "2" 79 0.00282729475618121 1
0.757740178157681 -0.847030662584301 "1" 79 0.00282729475618121 1
0.6977222692844 1.59958728364755 "2" 79 0.00282729475618121 1
1.05667798720591 -1.09969536065872 "1" 79 0.00282729475618121 1
-1.15531249388805 -0.0410499579562442 "3" 79 0.00282729475618121 1
-1.84512433485505 0.198396166773869 "3" 79 0.00282729475618121 1
0.49541748138507 1.0380853220704 "2" 79 0.00282729475618121 1
-1.44732585863233 0.0600397989193096 "3" 79 0.00282729475618121 1
-1.30978082687726 -0.323920025794466 "3" 79 0.00282729475618121 1
-1.19563353083591 -0.018202824054489 "3" 79 0.00282729475618121 1
-1.64166279547054 0.150262701493212 "3" 79 0.00282729475618121 1
0.952625277812372 -1.52348168619431 "1" 79 0.00282729475618121 1
-1.40073656795553 -0.303895517532308 "3" 79 0.00282729475618121 1
0.263103830158458 1.20683194611011 "2" 79 0.00282729475618121 1
0.750754998533531 -1.31185247566858 "1" 79 0.00282729475618121 1
1.0043647650726 -1.06167317267431 "1" 79 0.00282729475618121 1
0.760415307874792 0.926989884885452 "2" 79 0.00282729475618121 1
1.09772958182716 -1.35768256905702 "1" 79 0.00282729475618121 1
-1.30410984013437 -0.0754005906853997 "3" 79 0.00282729475618121 1
1.0804288656305 -1.26573854564035 "1" 79 0.00282729475618121 1
0.862233159961534 0.939896741981474 "2" 79 0.00282729475618121 1
0.419080535514682 -0.997054900325254 "1" 79 0.00282729475618121 1
0.391546478065561 1.13057688844918 "2" 79 0.00282729475618121 1
0.810050214703205 0.974893076553202 "2" 79 0.00282729475618121 1
-0.538957614424345 1.17382030285901 "1" 115 0.00839904864299267 2
-0.495443164885591 1.5336850879768 "1" 115 0.00839904864299267 2
-0.236122263185862 1.35001919724748 "1" 115 0.00839904864299267 2
-0.559939186010296 1.31891504850033 "1" 115 0.00839904864299267 2
-0.0129345773848291 2.07388642534385 "1" 115 0.00839904864299267 2
-1.15348984987561 0.985002729251932 "1" 115 0.00839904864299267 2
0.0726627234843663 2.07352184426406 "1" 115 0.00839904864299267 2
0.341889652330542 0.574080715466301 "1" 115 0.00839904864299267 2
-0.511908479107559 0.871120760246336 "1" 115 0.00839904864299267 2
-0.241194383811752 1.09740056422298 "1" 115 0.00839904864299267 2
1.53492584637868 -0.152603233480696 "2" 115 0.00839904864299267 2
1.19875786882363 -0.502195394478341 "2" 115 0.00839904864299267 2
0.732112833829798 -0.307656763894269 "2" 115 0.00839904864299267 2
1.22611816551506 -0.700718264812544 "2" 115 0.00839904864299267 2
1.47662143404614 -0.118723013807569 "2" 115 0.00839904864299267 2
1.0355146963345 -0.453518667901097 "2" 115 0.00839904864299267 2
1.55543457758917 -0.0564901487343511 "2" 115 0.00839904864299267 2
1.27147167390534 -0.26825197875745 "2" 115 0.00839904864299267 2
1.16902583017139 -0.206391513747703 "2" 115 0.00839904864299267 2
1.4627083142927 -0.0310202853325534 "2" 115 0.00839904864299267 2
-0.755600898239912 -1.01754573187938 "3" 115 0.00839904864299267 2
-1.14157096983867 -1.01244263178728 "3" 115 0.00839904864299267 2
-0.865496392793263 -0.783687791318863 "3" 115 0.00839904864299267 2
-1.24130877736985 -1.17452300942584 "3" 115 0.00839904864299267 2
-0.33190660437459 -1.0300073627515 "3" 115 0.00839904864299267 2
-1.14422099400351 -1.23707609501673 "3" 115 0.00839904864299267 2
-0.952907640780668 -1.22038222676137 "3" 115 0.00839904864299267 2
-0.641864293920266 -0.803192174792808 "3" 115 0.00839904864299267 2
-1.0618080920047 -1.09298886606172 "3" 115 0.00839904864299267 2
-1.19056943469004 -0.882037520637024 "3" 115 0.00839904864299267 2
1.99050774871464 0.40920087816317 "1" 70 0.00419154219957507 3
-0.316816738327232 -1.50206662937885 "2" 70 0.00419154219957507 3
-0.977740640455069 1.19457084574199 "3" 70 0.00419154219957507 3
-0.83516931142667 -1.08713676217961 "2" 70 0.00419154219957507 3
1.41857074683648 0.146039425125303 "1" 70 0.00419154219957507 3
-0.693474097454158 -1.42359761296091 "2" 70 0.00419154219957507 3
1.47437328317889 -0.0743530080226922 "1" 70 0.00419154219957507 3
1.18070357520675 -0.0114452829649949 "1" 70 0.00419154219957507 3
-0.860214246447902 1.56137824808655 "3" 70 0.00419154219957507 3
-0.361953782035996 1.68023756519037 "3" 70 0.00419154219957507 3
1.60102137461711 0.274654151699032 "1" 70 0.00419154219957507 3
-0.655895343616402 -1.9473826093222 "2" 70 0.00419154219957507 3
0.168135048036687 -0.558989620621566 "2" 70 0.00419154219957507 3
-0.778621420068589 -1.71818067148478 "2" 70 0.00419154219957507 3
-0.189253377090306 -1.38964535307436 "2" 70 0.00419154219957507 3
1.61215650205702 0.372413571943669 "1" 70 0.00419154219957507 3
-1.19184515455926 0.881098255602701 "3" 70 0.00419154219957507 3
-1.09035872141559 1.4329349344368 "3" 70 0.00419154219957507 3
-1.18221251648567 1.37861416146697 "3" 70 0.00419154219957507 3
1.67077597975502 0.494778924191712 "1" 70 0.00419154219957507 3
1.39970575341991 -0.29206262021752 "1" 70 0.00419154219957507 3
-1.06140383121382 1.09652395874243 "3" 70 0.00419154219957507 3
-1.9110286515673 0.0425433174897082 "3" 70 0.00419154219957507 3
1.73422639055831 0.186162548479026 "1" 70 0.00419154219957507 3
-0.733962281329837 -1.37149697171556 "2" 70 0.00419154219957507 3
-1.19823335011271 0.815542675948665 "3" 70 0.00419154219957507 3
-0.385710896380772 -0.716501197224075 "2" 70 0.00419154219957507 3
-1.09839118950321 1.17969261255698 "3" 70 0.00419154219957507 3
0.0582860544942622 -0.92266438755706 "2" 70 0.00419154219957507 3
1.21382309261543 -0.130863348140907 "1" 70 0.00419154219957507 3
1.60022297830829 -0.819011324474271 "2" 104 0.00462227318917556 4
-0.768703532039192 -0.662420522241208 "3" 104 0.00462227318917556 4
-0.49586600983109 1.92552349569368 "1" 104 0.00462227318917556 4
1.05801110299116 -1.08021022093163 "2" 104 0.00462227318917556 4
1.30689127566158 -0.210232459499076 "2" 104 0.00462227318917556 4
-0.699985551593531 1.18897102745597 "1" 104 0.00462227318917556 4
-0.559095461281788 -0.307103892427568 "3" 104 0.00462227318917556 4
-0.843136138899288 -1.11862562271732 "3" 104 0.00462227318917556 4
-0.576762681402324 1.28889766246839 "1" 104 0.00462227318917556 4
-0.86430916298514 1.22013723288264 "1" 104 0.00462227318917556 4
-0.981287116282167 -1.31480186584465 "3" 104 0.00462227318917556 4
1.79545039937535 -0.660010105149106 "2" 104 0.00462227318917556 4
1.32267104783655 -0.955315293684685 "2" 104 0.00462227318917556 4
1.89247621960204 -0.482464046650183 "2" 104 0.00462227318917556 4
1.59022537383608 -0.273620144518639 "2" 104 0.00462227318917556 4
-0.786127823008037 0.659358019120665 "1" 104 0.00462227318917556 4
-0.507226631835953 -1.10512832824668 "3" 104 0.00462227318917556 4
-0.928979317011138 1.63898199800652 "1" 104 0.00462227318917556 4
-0.807858711631085 1.40818303260526 "1" 104 0.00462227318917556 4
-0.870953849682349 -0.688499171167236 "3" 104 0.00462227318917556 4
1.58597999060625 -0.436482902142852 "2" 104 0.00462227318917556 4
-0.641853506444313 1.7922517541996 "1" 104 0.00462227318917556 4
-0.473775292922525 1.28330890972342 "1" 104 0.00462227318917556 4
-0.821365169588391 1.34952686488116 "1" 104 0.00462227318917556 4
1.08613692171546 0.182118792088074 "2" 104 0.00462227318917556 4
-0.697604364506906 -0.910949709177408 "3" 104 0.00462227318917556 4
-1.19975643577108 -0.771877004777402 "3" 104 0.00462227318917556 4
-0.86945769003324 -0.81461696692077 "3" 104 0.00462227318917556 4
1.52139837630686 -0.410716170313355 "2" 104 0.00462227318917556 4
-0.365359239490088 -0.91517303824133 "3" 104 0.00462227318917556 4
0.622391059167338 -0.593053201730607 "1" 100 0.0051616737482119 5
1.23310796880151 -1.8442352252211 "1" 100 0.0051616737482119 5
0.321209825526687 1.31262283008106 "3" 100 0.0051616737482119 5
0.297950774632758 -0.504821425050966 "1" 100 0.0051616737482119 5
0.490705310522775 1.52610873885487 "3" 100 0.0051616737482119 5
-1.17586437576005 -0.0233249273378642 "2" 100 0.0051616737482119 5
-1.39466841401777 -0.784666300757439 "2" 100 0.0051616737482119 5
-0.633630194265933 -0.572779382144163 "2" 100 0.0051616737482119 5
0.557716964636455 1.58381116916788 "3" 100 0.0051616737482119 5
-1.79548439306207 -0.213564657562912 "2" 100 0.0051616737482119 5
-1.39855805871743 -0.021167719985848 "2" 100 0.0051616737482119 5
0.544020036645243 -1.24598614028461 "1" 100 0.0051616737482119 5
0.644552086537245 1.19584333212811 "3" 100 0.0051616737482119 5
0.499244123650541 1.19159695769932 "3" 100 0.0051616737482119 5
1.12824547777656 -1.50998494930765 "1" 100 0.0051616737482119 5
0.590294975951099 -0.840280475672573 "1" 100 0.0051616737482119 5
-1.11761370288626 0.178454087203665 "2" 100 0.0051616737482119 5
0.510111389957971 -1.24612207601824 "1" 100 0.0051616737482119 5
-1.1890290153201 -0.446351649269312 "2" 100 0.0051616737482119 5
-1.26020624833684 -0.556182588575039 "2" 100 0.0051616737482119 5
1.00415285445829 -1.02001258026591 "1" 100 0.0051616737482119 5
-1.27303771585317 -0.398375847542568 "2" 100 0.0051616737482119 5
-1.35658713973999 0.0793439621187595 "2" 100 0.0051616737482119 5
0.838490593739288 -0.974922171629055 "1" 100 0.0051616737482119 5
0.945519690853984 -0.998975673014643 "1" 100 0.0051616737482119 5
0.206973083788116 1.57077353263842 "3" 100 0.0051616737482119 5
-0.00363548820076873 1.60035133691732 "3" 100 0.0051616737482119 5
0.730957757418671 1.13851768619547 "3" 100 0.0051616737482119 5
0.885343878254107 0.931276351349321 "3" 100 0.0051616737482119 5
0.547326893841742 1.48610700701631 "3" 100 0.0051616737482119 5
0.525997552230644 -1.57781547521987 "1" 109 0.00649287371939195 6
0.4434570989189 -1.34053209938551 "1" 109 0.00649287371939195 6
0.441505112199448 -0.826513616193296 "1" 109 0.00649287371939195 6
0.83496158288516 0.973010821005091 "2" 109 0.00649287371939195 6
-1.46244618451637 0.485621215849452 "3" 109 0.00649287371939195 6
-1.19778015429184 -0.736037644244264 "3" 109 0.00649287371939195 6
0.533470631270795 -0.641654522080129 "1" 109 0.00649287371939195 6
0.854843011110683 -1.17903370809258 "1" 109 0.00649287371939195 6
0.741798309183478 1.28830678224619 "2" 109 0.00649287371939195 6
0.527291321210426 1.24830168105428 "2" 109 0.00649287371939195 6
-1.44809729882656 -0.309206852832857 "3" 109 0.00649287371939195 6
0.248747244784195 -0.683673535931758 "1" 109 0.00649287371939195 6
-1.15150185055789 -1.16343008092753 "3" 109 0.00649287371939195 6
-1.74686687567885 0.204491690290184 "3" 109 0.00649287371939195 6
0.773145551552627 1.23337580594096 "2" 109 0.00649287371939195 6
-1.10395766062715 -0.199433398507346 "3" 109 0.00649287371939195 6
0.854682816303203 0.887676296255061 "2" 109 0.00649287371939195 6
0.5600556465795 -1.234221514325 "1" 109 0.00649287371939195 6
1.18189874896719 1.02930715523513 "2" 109 0.00649287371939195 6
-1.5812221473532 0.152977818241469 "3" 109 0.00649287371939195 6
0.571654447699685 -0.999887921831775 "1" 109 0.00649287371939195 6
1.19788350411766 0.27641068944324 "2" 109 0.00649287371939195 6
-1.58008742751165 1.32282876202608 "3" 109 0.00649287371939195 6
0.774677500848739 1.59266146614346 "2" 109 0.00649287371939195 6
-1.3388662219228 -0.257380981886669 "3" 109 0.00649287371939195 6
0.377181580625982 -0.548311399066357 "1" 109 0.00649287371939195 6
0.481767549939168 1.41112862771659 "2" 109 0.00649287371939195 6
-1.22738278549244 -0.00781040910170641 "3" 109 0.00649287371939195 6
1.07765932081031 0.560427317158429 "2" 109 0.00649287371939195 6
0.83553007554095 -0.961582968978955 "1" 109 0.00649287371939195 6
-1.35481914214252 -0.974631628278916 "3" 88 0.00652930859249027 7
1.77737245117716 0.405346875576854 "2" 88 0.00652930859249027 7
-0.702431265105161 -1.15597698488987 "3" 88 0.00652930859249027 7
-0.901139166541933 0.793873477183908 "1" 88 0.00652930859249027 7
-0.718101181342447 1.13890418052525 "1" 88 0.00652930859249027 7
-0.93724820273922 -1.87021365446969 "3" 88 0.00652930859249027 7
1.94165263556951 -0.0163134624328302 "2" 88 0.00652930859249027 7
0.970640926831883 0.232164323276125 "2" 88 0.00652930859249027 7
-0.578010274764811 1.35186292437685 "1" 88 0.00652930859249027 7
-0.984486288135025 -0.376186478485352 "3" 88 0.00652930859249027 7
-0.234992575414272 1.762669925989 "1" 88 0.00652930859249027 7
1.10333830025829 0.209012061587361 "2" 88 0.00652930859249027 7
0.236013472878416 0.961154902223311 "1" 88 0.00652930859249027 7
-1.12840544386783 -1.49968495844708 "3" 88 0.00652930859249027 7
-0.0922026051059676 0.925870047331093 "1" 88 0.00652930859249027 7
1.42562657267658 0.328685858745473 "2" 88 0.00652930859249027 7
1.25420975627722 0.225156299739336 "2" 88 0.00652930859249027 7
-0.10206923432575 1.24189911845155 "1" 88 0.00652930859249027 7
-0.425010604658239 0.926385062021252 "1" 88 0.00652930859249027 7
-0.241580526567163 0.948931516105284 "1" 88 0.00652930859249027 7
-0.5329513682016 0.995961746420008 "1" 88 0.00652930859249027 7
1.38604849517599 -0.518430882505498 "2" 88 0.00652930859249027 7
-1.0527524224562 -1.35519782053234 "3" 88 0.00652930859249027 7
1.47762098672874 -0.124857657697639 "2" 88 0.00652930859249027 7
1.57353024169922 0.318698194585813 "2" 88 0.00652930859249027 7
1.32313431337302 0.214312348121424 "2" 88 0.00652930859249027 7
-0.950400526603059 -1.21021809448527 "3" 88 0.00652930859249027 7
-1.22532411280516 -1.45597880580425 "3" 88 0.00652930859249027 7
-0.906974255314108 -1.12784140867421 "3" 88 0.00652930859249027 7
-1.40028895655555 -1.29535702555694 "3" 88 0.00652930859249027 7
0.215944908885684 -1.5195453573714 "3" 127 0.00729475170494306 8
0.135741183069257 -1.75799485583671 "3" 127 0.00729475170494306 8
-1.05337325252394 0.766311395167852 "2" 127 0.00729475170494306 8
1.43052685591081 0.92950602245369 "1" 127 0.00729475170494306 8
0.706867779659388 0.94644476664465 "1" 127 0.00729475170494306 8
0.224822340875438 -1.27907914802387 "3" 127 0.00729475170494306 8
1.06029803949646 0.374470586796352 "1" 127 0.00729475170494306 8
-0.0866042485276957 -0.764257608006157 "3" 127 0.00729475170494306 8
1.37318066430449 0.897575907280989 "1" 127 0.00729475170494306 8
-0.39603839775133 0.595638058351727 "2" 127 0.00729475170494306 8
-1.17921061318321 1.28918351808759 "2" 127 0.00729475170494306 8
-1.24701987878015 0.892776851726563 "2" 127 0.00729475170494306 8
-0.650076209339498 0.694079504810948 "2" 127 0.00729475170494306 8
-0.173585489749433 -1.45654910860299 "3" 127 0.00729475170494306 8
0.796233882300055 0.647616719206804 "1" 127 0.00729475170494306 8
-0.558130037694577 0.615324038240273 "2" 127 0.00729475170494306 8
1.46092169873402 0.842204755225327 "1" 127 0.00729475170494306 8
1.21206847507921 0.536580466821474 "1" 127 0.00729475170494306 8
0.179215096169484 -1.65896328835964 "3" 127 0.00729475170494306 8
-0.267446422775686 -1.54151706875978 "3" 127 0.00729475170494306 8
-1.87916221597554 0.674500386403289 "2" 127 0.00729475170494306 8
-1.72276481496935 1.12425751555883 "2" 127 0.00729475170494306 8
0.74228992986753 0.331528093578552 "1" 127 0.00729475170494306 8
-0.108973116320335 -1.53102629255298 "3" 127 0.00729475170494306 8
-0.414211690494225 -1.65317967534489 "3" 127 0.00729475170494306 8
-1.34830611605067 0.890635959567135 "2" 127 0.00729475170494306 8
1.34184379336912 0.619080201576862 "1" 127 0.00729475170494306 8
1.1427133714875 0.643760001425646 "1" 127 0.00729475170494306 8
-0.313883732721908 0.55272889371299 "2" 127 0.00729475170494306 8
-0.623881782350889 -1.70209123977912 "3" 127 0.00729475170494306 8
1.07358852778442 -0.608270905863764 "1" 88 0.00729512464097129 9
1.46185346345574 -0.666607911309051 "1" 88 0.00729512464097129 9
-0.813227865254757 -0.629678463569101 "2" 88 0.00729512464097129 9
-1.53144283375075 -0.642233847905583 "2" 88 0.00729512464097129 9
0.281177364045371 1.45401162751606 "3" 88 0.00729512464097129 9
0.76982791253293 -1.1061236661373 "1" 88 0.00729512464097129 9
1.97436066707008 -0.810669387563369 "1" 88 0.00729512464097129 9
-0.351700091071354 0.49298889155174 "3" 88 0.00729512464097129 9
-0.119830522250152 1.17431372454271 "3" 88 0.00729512464097129 9
-0.390790024070225 1.65202767077541 "3" 88 0.00729512464097129 9
-1.35852545265972 -0.70522372809361 "2" 88 0.00729512464097129 9
-1.67826382767868 -0.58599952893413 "2" 88 0.00729512464097129 9
-0.12558161264809 1.11706106474125 "3" 88 0.00729512464097129 9
1.19330247394366 -0.951889999161144 "1" 88 0.00729512464097129 9
-1.15363466606465 -0.740903935040565 "2" 88 0.00729512464097129 9
1.11509806195553 -0.691763860269337 "1" 88 0.00729512464097129 9
0.869571028349218 -0.529407687104033 "1" 88 0.00729512464097129 9
-0.985884397813171 -0.426212294719059 "2" 88 0.00729512464097129 9
0.189335973379874 1.3407613084427 "3" 88 0.00729512464097129 9
1.55027145466202 -0.558483888994683 "1" 88 0.00729512464097129 9
-0.673528273490692 -0.366270366718855 "2" 88 0.00729512464097129 9
-0.255808845237916 1.30993222127728 "3" 88 0.00729512464097129 9
-0.523643093445203 -0.199186983484058 "2" 88 0.00729512464097129 9
1.42798302733934 -0.833770647851762 "1" 88 0.00729512464097129 9
1.39183551834833 -1.01387524579966 "1" 88 0.00729512464097129 9
0.00743249144457947 2.05169785263087 "3" 88 0.00729512464097129 9
-0.181895269053881 1.54012347970795 "3" 88 0.00729512464097129 9
-0.223794773290983 1.16964238892892 "3" 88 0.00729512464097129 9
-1.70746584330963 -1.10156368838167 "2" 88 0.00729512464097129 9
-1.23062057322124 -0.134424193214152 "2" 88 0.00729512464097129 9
-1.98604694715132 -0.110710160500392 "2" 95 0.00799365735827516 10
1.03905299904123 -1.5373139377855 "3" 95 0.00799365735827516 10
0.831294894474585 1.09312663583 "1" 95 0.00799365735827516 10
0.724197619355616 -0.468193005678499 "3" 95 0.00799365735827516 10
-0.987656572081937 -0.430650306862444 "2" 95 0.00799365735827516 10
0.454116766251375 -0.763164492526152 "3" 95 0.00799365735827516 10
1.04466796591545 1.11927861051335 "1" 95 0.00799365735827516 10
0.313960887286107 0.854304905118065 "1" 95 0.00799365735827516 10
0.361809385575243 1.39625346013513 "1" 95 0.00799365735827516 10
0.164110927419747 1.16231077297607 "1" 95 0.00799365735827516 10
0.980736748954523 -1.00838749890967 "3" 95 0.00799365735827516 10
-1.23106965777913 -0.419304334021134 "2" 95 0.00799365735827516 10
-0.0190592389630197 -0.409932676051056 "3" 95 0.00799365735827516 10
-1.3189218245217 -0.493514699428634 "2" 95 0.00799365735827516 10
-1.47780423682245 -0.255982104640177 "2" 95 0.00799365735827516 10
0.104707956632986 -0.706017946978006 "3" 95 0.00799365735827516 10
0.341822968669732 1.52375326098297 "1" 95 0.00799365735827516 10
-1.16879745455766 -0.0962580162199377 "2" 95 0.00799365735827516 10
0.888201451983026 -0.963064011390108 "3" 95 0.00799365735827516 10
-1.23934353374411 -0.203278846014656 "2" 95 0.00799365735827516 10
1.53325523996976 -1.35407104255206 "3" 95 0.00799365735827516 10
0.476923161916807 1.61721877313334 "1" 95 0.00799365735827516 10
-1.34498894121553 -0.289651346208772 "2" 95 0.00799365735827516 10
1.21846545516505 -0.856775738976531 "3" 95 0.00799365735827516 10
-1.15891979585394 -0.320058161908103 "2" 95 0.00799365735827516 10
0.967197411702785 1.10454268607749 "1" 95 0.00799365735827516 10
1.51921009332236 -1.14114687881369 "3" 95 0.00799365735827516 10
-1.50010605990117 -0.680188162323857 "2" 95 0.00799365735827516 10
-0.252385744738046 1.21966843885326 "1" 95 0.00799365735827516 10
0.721368073693619 1.41720582416971 "1" 95 0.00799365735827516 10
1.04139433903203 -0.174339973644555 "2" 88 0.00818612143478908 11
1.43480860824302 -0.30367484343809 "2" 88 0.00818612143478908 11
-0.179476913821305 1.292706588351 "3" 88 0.00818612143478908 11
-0.88761207425665 -0.985534025491948 "1" 88 0.00818612143478908 11
0.0703223930306486 1.14794369403748 "3" 88 0.00818612143478908 11
1.19052916252956 0.204901776139021 "2" 88 0.00818612143478908 11
1.60761042327713 -0.654293459321896 "2" 88 0.00818612143478908 11
0.595929152885658 -0.32396833036526 "2" 88 0.00818612143478908 11
0.980752022778355 -0.355896730158387 "2" 88 0.00818612143478908 11
-0.683495419278614 1.36283984887619 "3" 88 0.00818612143478908 11
1.48690255949105 -0.315424413893648 "2" 88 0.00818612143478908 11
-1.14448215178032 -1.07041350312082 "1" 88 0.00818612143478908 11
-0.72043051521981 -0.214786549442181 "1" 88 0.00818612143478908 11
-0.840017079523971 1.40107827567888 "3" 88 0.00818612143478908 11
-1.05226981084036 -1.12569403932115 "1" 88 0.00818612143478908 11
0.663959097680535 0.0916734097179811 "2" 88 0.00818612143478908 11
-0.248858729522943 1.36796690143568 "3" 88 0.00818612143478908 11
0.060080714504155 1.37749157151311 "3" 88 0.00818612143478908 11
-0.966509639589747 -0.810961100856156 "1" 88 0.00818612143478908 11
-0.438896244551825 -1.30792141187048 "1" 88 0.00818612143478908 11
-0.268531491296309 1.33959809297106 "3" 88 0.00818612143478908 11
-0.0627517213624437 0.744125861075315 "3" 88 0.00818612143478908 11
-1.41081460767963 -0.704420432824638 "1" 88 0.00818612143478908 11
-1.00656474226072 -1.08952801454426 "1" 88 0.00818612143478908 11
-0.160056303307369 0.777263951272301 "3" 88 0.00818612143478908 11
1.27017630732817 -0.0833340765692381 "2" 88 0.00818612143478908 11
-0.655846307093321 -1.13187918331939 "1" 88 0.00818612143478908 11
-0.275248286432788 0.956388726052031 "3" 88 0.00818612143478908 11
-0.387915562980248 -1.09956499215467 "1" 88 0.00818612143478908 11
0.987312820018069 -0.31234361678327 "2" 88 0.00818612143478908 11
-0.62037398488017 -1.75366271695014 "1" 86 0.00907808444783229 12
1.61033512907294 0.22395710943047 "3" 86 0.00907808444783229 12
-0.876468238633015 0.692437019756326 "2" 86 0.00907808444783229 12
1.6598833200237 0.562880434402816 "3" 86 0.00907808444783229 12
-0.380654346929707 1.13435733667324 "2" 86 0.00907808444783229 12
-0.973696768541954 -0.864004238528964 "1" 86 0.00907808444783229 12
1.77865528754413 -0.122130773011478 "3" 86 0.00907808444783229 12
0.737148173756244 0.725408627818152 "3" 86 0.00907808444783229 12
-0.947094134116113 -1.13534264194835 "1" 86 0.00907808444783229 12
-0.654564703051454 0.821326310772158 "2" 86 0.00907808444783229 12
1.10799478162127 0.518448591208869 "3" 86 0.00907808444783229 12
-0.285036636630124 0.864059989948779 "2" 86 0.00907808444783229 12
0.404565433141566 0.756559193257822 "3" 86 0.00907808444783229 12
-0.751692382158601 -1.31847766686692 "1" 86 0.00907808444783229 12
0.937615352822689 0.263963543049643 "3" 86 0.00907808444783229 12
1.41781421504297 0.688269714169422 "3" 86 0.00907808444783229 12
-0.407492377298472 1.53608023389963 "2" 86 0.00907808444783229 12
-0.521602767125853 1.07251672143138 "2" 86 0.00907808444783229 12
0.943779640740969 0.539483487970986 "3" 86 0.00907808444783229 12
0.0189188955849955 -1.28520411126168 "1" 86 0.00907808444783229 12
-0.790258234210907 0.960602357089694 "2" 86 0.00907808444783229 12
-0.672330702842652 -0.899645087720077 "1" 86 0.00907808444783229 12
-0.704094165333917 -1.63445371105858 "1" 86 0.00907808444783229 12
-0.375383216067133 -1.73930636879717 "1" 86 0.00907808444783229 12
-1.07912586459298 0.784812432242484 "2" 86 0.00907808444783229 12
-0.630180941841012 0.804251088246076 "2" 86 0.00907808444783229 12
1.59727272957937 -0.0181277540893367 "3" 86 0.00907808444783229 12
-0.552587590052531 1.0428730725612 "2" 86 0.00907808444783229 12
-0.699527689098814 -1.70269504538696 "1" 86 0.00907808444783229 12
-0.291818215525438 -1.51923714830949 "1" 86 0.00907808444783229 12
-1.61477399987488 -0.535682365481708 "3" 67 0.00927160174153954 13
0.839683983254417 1.81070907349224 "1" 67 0.00927160174153954 13
-1.7219128056388 0.353623278121581 "3" 67 0.00927160174153954 13
0.858993890311671 -1.96641920685448 "2" 67 0.00927160174153954 13
0.903533993010951 -1.07525647981663 "2" 67 0.00927160174153954 13
0.445605783417263 0.5450123654923 "1" 67 0.00927160174153954 13
1.20801679882819 -0.760323770018123 "2" 67 0.00927160174153954 13
0.366703499048672 -1.04753520498943 "2" 67 0.00927160174153954 13
0.22839644723763 1.27332270762285 "1" 67 0.00927160174153954 13
0.710967796668669 -1.49905925280699 "2" 67 0.00927160174153954 13
-1.21558752646578 -0.429667243733728 "3" 67 0.00927160174153954 13
1.11278584584775 -1.52577212973857 "2" 67 0.00927160174153954 13
0.165266903750546 0.859547372416117 "1" 67 0.00927160174153954 13
0.251324647913519 1.81106273203479 "1" 67 0.00927160174153954 13
1.05686684285499 -1.28752245562077 "2" 67 0.00927160174153954 13
0.246479416030107 0.930254121876294 "1" 67 0.00927160174153954 13
-0.961308582957344 -0.521491103529863 "3" 67 0.00927160174153954 13
0.554081964852593 1.91352801185797 "1" 67 0.00927160174153954 13
-1.68115938774947 -0.237911374685978 "3" 67 0.00927160174153954 13
-0.962994072978797 -0.191292967181101 "3" 67 0.00927160174153954 13
-1.42024047371412 0.244388553971908 "3" 67 0.00927160174153954 13
-1.15448762698465 -0.960649056265571 "3" 67 0.00927160174153954 13
1.2391215941009 -0.338055408462919 "2" 67 0.00927160174153954 13
0.790879867221582 1.91092025307964 "1" 67 0.00927160174153954 13
0.3977803915432 2.25980768623004 "1" 67 0.00927160174153954 13
-1.57895425009884 0.30936153008036 "3" 67 0.00927160174153954 13
0.790392136898579 -1.22368408144103 "2" 67 0.00927160174153954 13
0.566083042925155 1.31966312164377 "1" 67 0.00927160174153954 13
0.761881187511536 -1.29705931523579 "2" 67 0.00927160174153954 13
-1.18342730676526 -0.643819392057162 "3" 67 0.00927160174153954 13
-1.23561461116709 -0.064995766474906 "1" 71 0.00931097721870659 14
0.999863726524069 -1.03092018310453 "2" 71 0.00931097721870659 14
0.924471726145044 -0.952459316027346 "2" 71 0.00931097721870659 14
-1.298430822381 -0.155205921866961 "1" 71 0.00931097721870659 14
-2.12010971030451 0.453304815958257 "1" 71 0.00931097721870659 14
-1.53274861734062 -0.916650709558702 "1" 71 0.00931097721870659 14
-0.158128136492268 2.29616495352782 "3" 71 0.00931097721870659 14
0.576019629515753 0.732165189264547 "3" 71 0.00931097721870659 14
0.821056049854624 1.46989981619459 "3" 71 0.00931097721870659 14
-1.58587962711361 -0.526053620895745 "1" 71 0.00931097721870659 14
-1.75370184107374 0.376206445122528 "1" 71 0.00931097721870659 14
-1.68232945467297 0.237449656833234 "1" 71 0.00931097721870659 14
0.551760478324873 1.33234092907606 "3" 71 0.00931097721870659 14
1.08474155697819 -1.2840666652523 "2" 71 0.00931097721870659 14
-1.99529444848068 0.562577440209043 "1" 71 0.00931097721870659 14
1.02285867890026 0.384244452658834 "3" 71 0.00931097721870659 14
0.811882194338453 1.33870484326794 "3" 71 0.00931097721870659 14
1.25980733078427 -1.02767105122839 "2" 71 0.00931097721870659 14
1.30653414262799 -2.36737707404291 "2" 71 0.00931097721870659 14
0.244788589966688 1.48472217789192 "3" 71 0.00931097721870659 14
1.1600574197804 -1.32403757968012 "2" 71 0.00931097721870659 14
-1.88356156989328 0.0580612356790223 "1" 71 0.00931097721870659 14
-1.62726137793784 -0.198026447687964 "1" 71 0.00931097721870659 14
1.68053419021129 -0.898983387438029 "2" 71 0.00931097721870659 14
0.891713304984628 1.67635840712167 "3" 71 0.00931097721870659 14
0.562962961237456 1.63902415182503 "3" 71 0.00931097721870659 14
1.06710944049916 -1.02857554278875 "2" 71 0.00931097721870659 14
0.844310682906771 -1.68452111183122 "2" 71 0.00931097721870659 14
0.130381530269594 0.360487586107437 "3" 71 0.00931097721870659 14
0.93220658300809 -0.942167722860066 "2" 71 0.00931097721870659 14
0.855729374282961 -0.00353484193630533 "2" 117 0.00979417956051797 15
1.19162326495692 -0.522015896798764 "2" 117 0.00979417956051797 15
0.878547495768452 -0.06089939826321 "2" 117 0.00979417956051797 15
-1.17018304743962 -0.845314489924699 "3" 117 0.00979417956051797 15
-0.00963462909172004 1.29241852135335 "1" 117 0.00979417956051797 15
-1.28266814088351 -1.03044705908609 "3" 117 0.00979417956051797 15
-0.152252139064725 1.29398492156263 "1" 117 0.00979417956051797 15
-0.41694956626454 -0.511570855807361 "3" 117 0.00979417956051797 15
1.24941668307413 -0.194620684048352 "2" 117 0.00979417956051797 15
0.407981843181947 -0.107420670565847 "2" 117 0.00979417956051797 15
-0.910953021552395 -0.648465690425401 "3" 117 0.00979417956051797 15
-1.19607916691455 1.75332913860703 "1" 117 0.00979417956051797 15
1.40373874286503 -0.864421689792812 "2" 117 0.00979417956051797 15
1.11487323533806 -0.667018145087786 "2" 117 0.00979417956051797 15
-0.485874748421163 1.62035459738742 "1" 117 0.00979417956051797 15
-0.554223531656268 1.52442284268835 "1" 117 0.00979417956051797 15
-0.0537494480434697 1.05931006747425 "1" 117 0.00979417956051797 15
1.33103018027233 -0.549563012516521 "2" 117 0.00979417956051797 15
-0.257286037615185 1.0997609988923 "1" 117 0.00979417956051797 15
-0.298176334054463 1.08862342598887 "1" 117 0.00979417956051797 15
-0.511407296955058 -1.11403430007335 "3" 117 0.00979417956051797 15
0.312539938162139 0.987190280244885 "1" 117 0.00979417956051797 15
-0.452791787176887 -1.06342330540273 "3" 117 0.00979417956051797 15
1.2438052059949 -0.361934838216909 "2" 117 0.00979417956051797 15
-0.437422692333723 -0.677566134287234 "3" 117 0.00979417956051797 15
0.841428503538573 -0.3779269382476 "2" 117 0.00979417956051797 15
-1.50596408978652 -0.529563878158366 "3" 117 0.00979417956051797 15
-0.438507684777193 -1.30212187068338 "3" 117 0.00979417956051797 15
-0.154689139502984 0.796937444782861 "1" 117 0.00979417956051797 15
-0.541901965901481 -1.08446853965923 "3" 117 0.00979417956051797 15
-0.784481079774911 0.453933524545607 "1" 115 0.0100675188920947 16
1.41257757493955 0.213242890304638 "3" 115 0.0100675188920947 16
-1.10962742277567 0.475825757418188 "1" 115 0.0100675188920947 16
0.956488364963783 0.236167959880228 "3" 115 0.0100675188920947 16
-0.313961881472074 -1.19683897626713 "2" 115 0.0100675188920947 16
-0.52024034057807 -1.30453693265471 "2" 115 0.0100675188920947 16
0.188534177962055 -1.15384444854659 "2" 115 0.0100675188920947 16
0.997902434750844 0.834767069370492 "3" 115 0.0100675188920947 16
-0.276046238527212 -1.30426399157308 "2" 115 0.0100675188920947 16
-0.998778388227588 0.362341252749621 "1" 115 0.0100675188920947 16
-0.442636983800431 0.875006493095064 "1" 115 0.0100675188920947 16
1.11878269507102 -0.140550432346452 "3" 115 0.0100675188920947 16
0.708694298985063 0.866904965095861 "3" 115 0.0100675188920947 16
-1.05791628379016 1.38948257942089 "1" 115 0.0100675188920947 16
0.191022261948098 -1.27225110674522 "2" 115 0.0100675188920947 16
-0.370809352336464 -1.21566036923192 "2" 115 0.0100675188920947 16
-1.01763505964269 1.10806081008969 "1" 115 0.0100675188920947 16
1.06395265490426 0.254291116933328 "3" 115 0.0100675188920947 16
-0.313089397922687 -0.996497133021472 "2" 115 0.0100675188920947 16
0.781365393880086 0.43581335000768 "3" 115 0.0100675188920947 16
-0.935592538896403 1.40639659594857 "1" 115 0.0100675188920947 16
-0.0969813874036718 -0.964483283267961 "2" 115 0.0100675188920947 16
0.332227737187084 -1.15606526222847 "2" 115 0.0100675188920947 16
-1.12556458758019 0.577455818908895 "1" 115 0.0100675188920947 16
-0.705806717975316 0.661774210601345 "1" 115 0.0100675188920947 16
1.2855262711901 0.00706013851969142 "3" 115 0.0100675188920947 16
1.3648320818869 -0.403674653217859 "3" 115 0.0100675188920947 16
-0.311279280627862 -1.08661226285372 "2" 115 0.0100675188920947 16
0.821565206424495 0.541330322918817 "3" 115 0.0100675188920947 16
-0.843024212761936 1.49542399614596 "1" 115 0.0100675188920947 16
1.02638777822265 0.791955798519199 "1" 112 0.0113063022289511 17
0.104326102362457 -1.45193141626808 "2" 112 0.0113063022289511 17
-0.18820987403104 -1.5587848864848 "2" 112 0.0113063022289511 17
0.686845803302806 -1.00726496341015 "2" 112 0.0113063022289511 17
-1.39777797986572 0.446874856839567 "3" 112 0.0113063022289511 17
0.618617601826485 -1.10471502865966 "2" 112 0.0113063022289511 17
0.881111424545326 0.70493863963199 "1" 112 0.0113063022289511 17
0.0273596731855577 -1.17002573865869 "2" 112 0.0113063022289511 17
0.820416468633674 1.00844447483383 "1" 112 0.0113063022289511 17
0.732198343008225 0.9300933438573 "1" 112 0.0113063022289511 17
-1.86803782082238 0.150657287991034 "3" 112 0.0113063022289511 17
-1.32414715328521 0.797769792109875 "3" 112 0.0113063022289511 17
0.305464744519978 -1.38638882770173 "2" 112 0.0113063022289511 17
0.65018137402915 0.910788594027325 "1" 112 0.0113063022289511 17
0.12846153158144 0.781155532986087 "1" 112 0.0113063022289511 17
-0.78944370892116 1.04378861551399 "3" 112 0.0113063022289511 17
-0.682907203945361 0.288936973028254 "3" 112 0.0113063022289511 17
0.271114103605758 -1.39761192917417 "2" 112 0.0113063022289511 17
1.29649282879644 1.16502538435571 "1" 112 0.0113063022289511 17
1.72084195158906 1.11212653417116 "1" 112 0.0113063022289511 17
-1.35918612219368 0.392351205163787 "3" 112 0.0113063022289511 17
-0.741731194986255 0.0560589123671716 "3" 112 0.0113063022289511 17
0.317360989437969 -0.917161694629247 "2" 112 0.0113063022289511 17
-1.29765938912376 0.650640675103836 "3" 112 0.0113063022289511 17
1.04178308053455 0.229702902125879 "1" 112 0.0113063022289511 17
-0.149891417924836 -1.15509587999139 "2" 112 0.0113063022289511 17
0.556696539778632 0.441345740015244 "1" 112 0.0113063022289511 17
-0.780136503677699 0.251271891351825 "3" 112 0.0113063022289511 17
-1.1138502936732 0.180873403370463 "3" 112 0.0113063022289511 17
0.50731832349014 -1.18582019238562 "2" 112 0.0113063022289511 17
1.40971299352076 -0.845328094714177 "1" 84 0.0114860689136149 18
-0.563823480669964 -1.10957977061831 "3" 84 0.0114860689136149 18
-1.15984840934396 -0.737454898522779 "3" 84 0.0114860689136149 18
1.07884489020128 -0.753142082090448 "1" 84 0.0114860689136149 18
-0.7718880037051 1.59686866355591 "2" 84 0.0114860689136149 18
-0.8021567490759 -1.98916351022576 "3" 84 0.0114860689136149 18
-0.933322212485296 -0.595205460538794 "3" 84 0.0114860689136149 18
1.01446122503108 -0.211020312212305 "1" 84 0.0114860689136149 18
-0.298990276303139 1.40639863119414 "2" 84 0.0114860689136149 18
-0.70116215102795 1.19543354801239 "2" 84 0.0114860689136149 18
-1.31457321645791 -0.611956877827931 "3" 84 0.0114860689136149 18
-0.523894328080784 -2.12328170822846 "3" 84 0.0114860689136149 18
-0.319179577782703 1.46927561216916 "2" 84 0.0114860689136149 18
-0.269129269110206 1.44463312657633 "2" 84 0.0114860689136149 18
1.50919892175628 0.351426783181721 "1" 84 0.0114860689136149 18
-0.513047107753797 0.548609929648998 "2" 84 0.0114860689136149 18
-0.171023189734513 1.58506590731275 "2" 84 0.0114860689136149 18
1.76550482891333 -0.496045873292928 "1" 84 0.0114860689136149 18
-0.916899053098936 -1.32007475881542 "3" 84 0.0114860689136149 18
-0.203272689986329 1.82231647239375 "2" 84 0.0114860689136149 18
-1.12796463072353 -0.579607125635753 "3" 84 0.0114860689136149 18
-0.951550772619088 -1.07128214781243 "3" 84 0.0114860689136149 18
1.22895614867095 0.0810130617046415 "1" 84 0.0114860689136149 18
-0.332621466322854 1.60787544648262 "2" 84 0.0114860689136149 18
0.511613268692069 0.052325536493147 "1" 84 0.0114860689136149 18
-0.380216167964336 1.14124538177076 "2" 84 0.0114860689136149 18
1.28044039072124 -0.252592317167975 "1" 84 0.0114860689136149 18
1.56720297766224 -0.0239127351150467 "1" 84 0.0114860689136149 18
1.19119121328901 -0.458047854691502 "1" 84 0.0114860689136149 18
-0.302564106211948 -1.12479257298631 "3" 84 0.0114860689136149 18
1.50908353641539 -0.0802004792564151 "2" 113 0.011940794354407 19
-0.618802725299975 -1.25897215723053 "3" 113 0.011940794354407 19
-0.752400799676925 1.81264984210744 "1" 113 0.011940794354407 19
-0.832947528731452 1.37192855562089 "1" 113 0.011940794354407 19
1.45225216642794 -0.00507264293495449 "2" 113 0.011940794354407 19
1.66238088378879 0.0111391670865335 "2" 113 0.011940794354407 19
-0.955329569351056 1.49626740394829 "1" 113 0.011940794354407 19
-0.41427119341214 0.327411711212316 "1" 113 0.011940794354407 19
-0.78494994338628 1.44389828762788 "1" 113 0.011940794354407 19
-0.112208461434276 -1.31620826122592 "3" 113 0.011940794354407 19
0.958913078967138 0.409345151129896 "2" 113 0.011940794354407 19
0.00941595789810616 -1.18019134988917 "3" 113 0.011940794354407 19
-0.604237702928458 -0.790215585841322 "3" 113 0.011940794354407 19
-0.895332612080854 -1.32487918619174 "3" 113 0.011940794354407 19
1.10282189820978 0.290888393023506 "2" 113 0.011940794354407 19
-0.0953234670987171 0.453868672472602 "1" 113 0.011940794354407 19
-1.06952493601718 1.50558029999431 "1" 113 0.011940794354407 19
1.34947708465077 0.239597078250779 "2" 113 0.011940794354407 19
-0.757565938331889 -1.39534665592364 "3" 113 0.011940794354407 19
-0.720820519664517 -1.0151946522142 "3" 113 0.011940794354407 19
-0.619156348551628 -1.67317044535276 "3" 113 0.011940794354407 19
0.659615766040333 0.261169742672429 "2" 113 0.011940794354407 19
-0.266482428309205 0.564495369158423 "1" 113 0.011940794354407 19
-0.949566238533298 -1.04632508458697 "3" 113 0.011940794354407 19
0.843916992923108 -0.339913765421145 "2" 113 0.011940794354407 19
0.00662138199487702 1.16007741475154 "1" 113 0.011940794354407 19
-0.966978648997414 -0.922669494014513 "3" 113 0.011940794354407 19
1.01520518204444 0.0419854574432997 "2" 113 0.011940794354407 19
-0.418572020894672 1.24751632342452 "1" 113 0.011940794354407 19
1.26476715333926 -0.289459109841381 "2" 113 0.011940794354407 19
-0.807966782452791 -1.3423849180062 "2" 83 0.0121268065007077 20
-0.836370313374674 -1.51886573326242 "2" 83 0.0121268065007077 20
1.1774024116289 0.210616488040615 "3" 83 0.0121268065007077 20
-0.0998945283138123 -1.12466660328628 "2" 83 0.0121268065007077 20
-0.578577375512092 1.3357065463592 "1" 83 0.0121268065007077 20
-0.452032903630017 1.39558471465109 "1" 83 0.0121268065007077 20
1.37445865458736 -0.13152072780169 "3" 83 0.0121268065007077 20
-0.424363106807205 -1.11190215456223 "2" 83 0.0121268065007077 20
1.27291453030124 0.604572725341729 "3" 83 0.0121268065007077 20
0.624693808594212 0.0285642596787649 "3" 83 0.0121268065007077 20
-1.00115293235639 1.10842435498437 "1" 83 0.0121268065007077 20
-1.31959199605783 -0.669079574040438 "2" 83 0.0121268065007077 20
-0.343685406926642 0.658383135310041 "1" 83 0.0121268065007077 20
1.36881480993608 0.568224420683036 "3" 83 0.0121268065007077 20
-1.0989046850246 0.606492861595391 "1" 83 0.0121268065007077 20
1.08089057384775 0.403899638039154 "3" 83 0.0121268065007077 20
1.89276683944556 0.396146644682819 "3" 83 0.0121268065007077 20
-1.2403571266267 1.31483606770883 "1" 83 0.0121268065007077 20
0.0388043420779214 -1.75864543104681 "2" 83 0.0121268065007077 20
-0.0863849404617963 -1.35544286851671 "2" 83 0.0121268065007077 20
1.49300353757795 0.193183225432574 "3" 83 0.0121268065007077 20
-0.11812352391882 1.26105176638485 "1" 83 0.0121268065007077 20
-1.4271183297166 1.13629423513137 "1" 83 0.0121268065007077 20
-0.41889724269129 -1.33982139982125 "2" 83 0.0121268065007077 20
-0.679024791558969 0.821096889197796 "1" 83 0.0121268065007077 20
0.633242411613319 0.722279800924634 "3" 83 0.0121268065007077 20
1.37991572449009 0.0916846648782315 "3" 83 0.0121268065007077 20
0.0961292576102922 -1.77423586541963 "2" 83 0.0121268065007077 20
-0.88082411223512 0.749329618000952 "1" 83 0.0121268065007077 20
-0.619766804045328 -1.4798067812618 "2" 83 0.0121268065007077 20
