"X1" "X2" "cl" "nbases" "wilks.lambda" ".sample"
1.96748620606831 0.426277357868532 "1" 128 0.000383467193312585 1
-0.213532745945351 -1.88242821142666 "2" 128 0.000383467193312585 1
-1.32737134891072 1.05333420583916 "3" 128 0.000383467193312585 1
-0.469039400181663 -1.76266922128814 "2" 128 0.000383467193312585 1
-0.615209674287927 -1.66522369464436 "2" 128 0.000383467193312585 1
-0.61102873268358 -2.02302173624423 "2" 128 0.000383467193312585 1
-1.30082100111066 0.572270699828148 "3" 128 0.000383467193312585 1
-0.948280549470446 0.555335650938562 "3" 128 0.000383467193312585 1
-1.10945385660966 0.715516756562658 "3" 128 0.000383467193312585 1
-0.42024714723971 -1.9531543041426 "2" 128 0.000383467193312585 1
-1.73615222641862 0.79293302443479 "3" 128 0.000383467193312585 1
1.63617014291935 0.793481930990326 "1" 128 0.000383467193312585 1
-0.816627361630909 -1.49245683417652 "2" 128 0.000383467193312585 1
-0.489817555722419 -1.82615745834023 "2" 128 0.000383467193312585 1
1.63742409565958 0.844890776869579 "1" 128 0.000383467193312585 1
-0.547117603708611 -1.98559896555788 "2" 128 0.000383467193312585 1
1.8244964735357 1.2378316292428 "1" 128 0.000383467193312585 1
1.94598020425282 1.07591609466303 "1" 128 0.000383467193312585 1
-1.35766620011719 1.18836469883543 "3" 128 0.000383467193312585 1
-1.1508514868865 0.936193426246033 "3" 128 0.000383467193312585 1
1.76050488926519 1.054647688349 "1" 128 0.000383467193312585 1
-1.17475011884691 0.811411106190354 "3" 128 0.000383467193312585 1
1.6589072389529 1.31959954906719 "1" 128 0.000383467193312585 1
-0.49283413652372 -1.9075326783553 "2" 128 0.000383467193312585 1
-1.09461336555389 0.83079713460556 "3" 128 0.000383467193312585 1
-0.538640280640801 -2.06761214543722 "2" 128 0.000383467193312585 1
-1.07147986843743 0.9121831910625 "3" 128 0.000383467193312585 1
1.678932953277 1.13093021106059 "1" 128 0.000383467193312585 1
1.62949833047433 1.15769946089483 "1" 128 0.000383467193312585 1
1.74613412652155 1.15624065606407 "1" 128 0.000383467193312585 1
-2.11731677839799 0.47730733603238 "1" 84 0.000461746276794436 2
0.154932453891895 -1.55188095759068 "3" 84 0.000461746276794436 2
-1.5759789711641 0.811346377325558 "1" 84 0.000461746276794436 2
-0.0763612829344087 -1.53711627790026 "3" 84 0.000461746276794436 2
0.403331185574057 -1.67384061569476 "3" 84 0.000461746276794436 2
1.61855512873669 0.620894966542618 "2" 84 0.000461746276794436 2
1.38718931299864 0.735966111892653 "2" 84 0.000461746276794436 2
1.24413858431148 0.604073155700405 "2" 84 0.000461746276794436 2
1.22012193211541 1.10369399625094 "2" 84 0.000461746276794436 2
-1.84464331588536 0.917930332055113 "1" 84 0.000461746276794436 2
0.566625259478207 -1.77222503668723 "3" 84 0.000461746276794436 2
1.84984956665093 0.948068260528902 "2" 84 0.000461746276794436 2
-1.34255855015722 0.945542721006464 "1" 84 0.000461746276794436 2
0.229340717419424 -1.4740009470432 "3" 84 0.000461746276794436 2
-1.74564460819984 0.589507347506919 "1" 84 0.000461746276794436 2
0.395407248718751 -1.67568277988012 "3" 84 0.000461746276794436 2
0.172882077172307 -1.48767836438033 "3" 84 0.000461746276794436 2
1.23860800169476 0.801677583330332 "2" 84 0.000461746276794436 2
-1.85151851622988 0.558747275150325 "1" 84 0.000461746276794436 2
0.217881480394153 -1.41820558170533 "3" 84 0.000461746276794436 2
-1.61039863462073 0.681001653770695 "1" 84 0.000461746276794436 2
0.0136320712753886 -1.67462098332986 "3" 84 0.000461746276794436 2
1.72023130239729 1.07335855897349 "2" 84 0.000461746276794436 2
0.117769438269205 -1.49764898250611 "3" 84 0.000461746276794436 2
1.32668902070145 0.741806859713494 "2" 84 0.000461746276794436 2
1.66618251199732 0.644923631886677 "2" 84 0.000461746276794436 2
-1.5485795445582 0.851053188660065 "1" 84 0.000461746276794436 2
-1.69186881032923 0.838111138025875 "1" 84 0.000461746276794436 2
-1.37820358345073 0.816314831377604 "1" 84 0.000461746276794436 2
1.23970530213034 1.00157520098738 "2" 84 0.000461746276794436 2
-0.526674602057992 -2.35176285580329 "3" 106 0.000481270592179446 3
-0.17939377331044 -1.92740199757225 "3" 106 0.000481270592179446 3
-0.664907504990892 -2.03720270142747 "3" 106 0.000481270592179446 3
-0.432818861365193 -1.85896832634515 "3" 106 0.000481270592179446 3
-0.326395552644261 -2.12929699764474 "3" 106 0.000481270592179446 3
-1.39852550593704 1.02034377423833 "1" 106 0.000481270592179446 3
1.53375484466151 0.89731773258175 "2" 106 0.000481270592179446 3
1.03570411803237 0.842760193207313 "2" 106 0.000481270592179446 3
1.60820519594366 0.973123735086871 "2" 106 0.000481270592179446 3
-0.966512926318508 -1.83212804671008 "3" 106 0.000481270592179446 3
-0.618814401483382 -2.05026479552759 "3" 106 0.000481270592179446 3
1.4630733530757 0.885726236205075 "2" 106 0.000481270592179446 3
1.85441178204233 0.704596481909502 "2" 106 0.000481270592179446 3
-0.790788005729316 1.55256320186245 "1" 106 0.000481270592179446 3
-1.2812413509328 1.13092793822323 "1" 106 0.000481270592179446 3
-0.585708561776312 -2.13955512842938 "3" 106 0.000481270592179446 3
1.93876439629802 0.90237905006677 "2" 106 0.000481270592179446 3
1.25891186765277 1.06732735689936 "2" 106 0.000481270592179446 3
-1.06462035449299 1.25766126396959 "1" 106 0.000481270592179446 3
-1.03802171584357 1.38487941237812 "1" 106 0.000481270592179446 3
-0.978741841288614 1.27042275474178 "1" 106 0.000481270592179446 3
-0.82872262470017 -2.25941748159938 "3" 106 0.000481270592179446 3
-1.03641913699611 1.38663575936332 "1" 106 0.000481270592179446 3
-0.439344074023113 -2.07845768946404 "3" 106 0.000481270592179446 3
1.76489828271994 0.777141376911628 "2" 106 0.000481270592179446 3
-0.819281544395167 1.02979369091157 "1" 106 0.000481270592179446 3
1.44417358409717 0.556210676235283 "2" 106 0.000481270592179446 3
-0.891233605561664 1.18200125249662 "1" 106 0.000481270592179446 3
1.95983315907246 0.865486034390089 "2" 106 0.000481270592179446 3
-0.993564639748419 0.977158098844706 "1" 106 0.000481270592179446 3
1.76248160908881 0.410594415659296 "3" 96 0.000504020631747563 4
1.68101768737802 0.426265605583422 "3" 96 0.000504020631747563 4
-0.819801646929394 -2.24629139508794 "1" 96 0.000504020631747563 4
-0.820020136359933 1.20650191090951 "2" 96 0.000504020631747563 4
1.75294896110568 0.452893046020379 "3" 96 0.000504020631747563 4
-0.906994956103359 1.12502464599186 "2" 96 0.000504020631747563 4
-0.801813468894313 -1.38432349087729 "1" 96 0.000504020631747563 4
-0.6584695719345 -1.84534945091758 "1" 96 0.000504020631747563 4
1.57531473473316 0.587455485036231 "3" 96 0.000504020631747563 4
-0.728295400132712 1.42626943412748 "2" 96 0.000504020631747563 4
-0.809661536782718 -1.5591669233926 "1" 96 0.000504020631747563 4
-0.470421834461991 1.11113192804035 "2" 96 0.000504020631747563 4
-0.892511314191221 1.21037029988472 "2" 96 0.000504020631747563 4
1.74243694861756 0.45225169983887 "3" 96 0.000504020631747563 4
-0.979142746428073 1.37172701326142 "2" 96 0.000504020631747563 4
1.82002470749408 0.183276871740117 "3" 96 0.000504020631747563 4
-0.828247049368099 1.18014965843866 "2" 96 0.000504020631747563 4
-0.805240199674622 1.21454865292314 "2" 96 0.000504020631747563 4
1.86738929866377 0.28525930754574 "3" 96 0.000504020631747563 4
1.43411493343485 0.479077110565072 "3" 96 0.000504020631747563 4
-1.08240710126925 -1.34611068568177 "1" 96 0.000504020631747563 4
-1.02785392817958 -1.46659584273305 "1" 96 0.000504020631747563 4
2.18419180922323 0.476401793862009 "3" 96 0.000504020631747563 4
-1.02051732404457 -1.96426410549832 "1" 96 0.000504020631747563 4
-1.20671492282735 -1.621385461499 "1" 96 0.000504020631747563 4
-1.00701485868994 -1.41624630929323 "1" 96 0.000504020631747563 4
-0.736955720507518 1.30937432403933 "2" 96 0.000504020631747563 4
-0.875606103436115 -1.96524920350446 "1" 96 0.000504020631747563 4
-0.638093267939249 1.1513805639783 "2" 96 0.000504020631747563 4
1.29586239841534 0.755029101039349 "3" 96 0.000504020631747563 4
-0.825693874054988 -1.23872473227904 "2" 93 0.000541922777378805 5
-0.653776440168711 1.06353179516749 "1" 93 0.000541922777378805 5
-0.658921405741054 1.38402696440031 "1" 93 0.000541922777378805 5
1.7860418648039 -0.145220519034963 "3" 93 0.000541922777378805 5
-0.797484429322053 1.23052784958061 "1" 93 0.000541922777378805 5
1.55391249958461 -0.0784024211972745 "3" 93 0.000541922777378805 5
-0.38997573867251 1.44791819222608 "1" 93 0.000541922777378805 5
-0.796623028551601 -1.49777931706092 "2" 93 0.000541922777378805 5
-0.379707533074168 1.48212578139702 "1" 93 0.000541922777378805 5
-1.22165549233606 -1.42789021432459 "2" 93 0.000541922777378805 5
-1.17789733616051 -1.03900568323437 "2" 93 0.000541922777378805 5
-1.22933357043999 -1.16731977715027 "2" 93 0.000541922777378805 5
1.5294166735402 -0.0624433703500766 "3" 93 0.000541922777378805 5
-1.16368076993976 -1.34811929789111 "2" 93 0.000541922777378805 5
1.86942479032074 0.196507287766993 "3" 93 0.000541922777378805 5
1.74195520102713 -0.175050804677173 "3" 93 0.000541922777378805 5
-0.98254883883816 -1.56519631843737 "2" 93 0.000541922777378805 5
-0.746558137462831 1.53101149813839 "1" 93 0.000541922777378805 5
-0.622958285603772 1.4990460494038 "1" 93 0.000541922777378805 5
1.5984735922581 -0.197577802365917 "3" 93 0.000541922777378805 5
-0.56388936359671 1.29615992093093 "1" 93 0.000541922777378805 5
-1.07657873531259 -1.51372606657 "2" 93 0.000541922777378805 5
-1.43547664096477 -1.34831877194438 "2" 93 0.000541922777378805 5
1.93529900967504 0.228333001836299 "3" 93 0.000541922777378805 5
-0.0502505420761507 1.39239610889223 "1" 93 0.000541922777378805 5
1.75305592519298 0.028494142798377 "3" 93 0.000541922777378805 5
-1.3790917224401 -1.2219581773088 "2" 93 0.000541922777378805 5
1.65033655118084 -0.113018429428922 "3" 93 0.000541922777378805 5
1.33539973145311 0.248270466283631 "3" 93 0.000541922777378805 5
-0.601213954280171 1.11140264443301 "1" 93 0.000541922777378805 5
-1.25403518489916 -1.00633556309605 "2" 70 0.000548993516003523 6
-1.89417151467609 -1.93363341048228 "2" 70 0.000548993516003523 6
1.91551598758678 -0.190658289262676 "3" 70 0.000548993516003523 6
1.47960044494349 0.207300662574871 "3" 70 0.000548993516003523 6
-1.35376535618473 -1.81315695691535 "2" 70 0.000548993516003523 6
-0.476390811316412 1.56213004739716 "1" 70 0.000548993516003523 6
1.92869016804527 -0.178788143603022 "3" 70 0.000548993516003523 6
-0.807079316850313 1.61767408552148 "1" 70 0.000548993516003523 6
1.78731411969577 0.157890327705751 "3" 70 0.000548993516003523 6
-0.462990536340869 1.69940967875066 "1" 70 0.000548993516003523 6
-1.16764598890587 -1.57571259769122 "2" 70 0.000548993516003523 6
-1.08460678816193 -1.70639528042242 "2" 70 0.000548993516003523 6
1.87848708554651 -0.132636630520944 "3" 70 0.000548993516003523 6
-0.482920558041298 1.90478423294145 "1" 70 0.000548993516003523 6
-1.42482016471456 -1.48706834858792 "2" 70 0.000548993516003523 6
-0.677623415160776 1.74979652106191 "1" 70 0.000548993516003523 6
2.03247720774303 -0.0098317061324532 "3" 70 0.000548993516003523 6
-1.23783985516904 -1.44145225576142 "2" 70 0.000548993516003523 6
-1.43592495934115 -1.87154920401627 "2" 70 0.000548993516003523 6
-0.713443859714162 1.66275743071771 "1" 70 0.000548993516003523 6
-0.674314234416343 1.67899940903832 "1" 70 0.000548993516003523 6
-1.28467271630976 -1.59609050887611 "2" 70 0.000548993516003523 6
-0.562420308911061 1.48067410781464 "1" 70 0.000548993516003523 6
2.44970658500087 -0.123692372283642 "3" 70 0.000548993516003523 6
-0.479406395457314 1.71508474432501 "1" 70 0.000548993516003523 6
2.45254756789774 0.00280294017232864 "3" 70 0.000548993516003523 6
-1.43612437454871 -1.65724098781165 "2" 70 0.000548993516003523 6
2.01467384734187 -0.0698893932613478 "3" 70 0.000548993516003523 6
-0.311760961750567 1.51944698241424 "1" 70 0.000548993516003523 6
1.28294428706878 -0.164619521710758 "3" 70 0.000548993516003523 6
-2.01451773537795 -0.941099376494787 "3" 81 0.00060146385488786 7
-1.77190810820874 -0.296092577967228 "3" 81 0.00060146385488786 7
1.29694657056938 -0.93367992799353 "1" 81 0.00060146385488786 7
1.12879143844018 -1.05396715014635 "1" 81 0.00060146385488786 7
1.18528303592088 -1.01266345856638 "1" 81 0.00060146385488786 7
0.457856643156924 1.88840847942219 "2" 81 0.00060146385488786 7
1.0290285972492 0.991969263746483 "2" 81 0.00060146385488786 7
-1.59216328293313 -0.347091372900807 "3" 81 0.00060146385488786 7
1.23803877010383 -1.02767520835811 "1" 81 0.00060146385488786 7
-1.43230245515863 -0.480632405197064 "3" 81 0.00060146385488786 7
0.580251620206604 1.35363889882406 "2" 81 0.00060146385488786 7
0.67835857614825 1.48689247494612 "2" 81 0.00060146385488786 7
0.920567445844584 -0.969392878937405 "1" 81 0.00060146385488786 7
0.538360884675085 1.63855982701545 "2" 81 0.00060146385488786 7
0.463564511193336 1.45618760470214 "2" 81 0.00060146385488786 7
1.22536679178967 -1.14759738981931 "1" 81 0.00060146385488786 7
0.281469964582931 1.64239494367067 "2" 81 0.00060146385488786 7
-1.53992086464914 -0.171795751575847 "3" 81 0.00060146385488786 7
-1.74269100016121 -0.640468460466033 "3" 81 0.00060146385488786 7
1.07228985665902 -0.931569903094243 "1" 81 0.00060146385488786 7
-1.77770936046447 -0.725435467244436 "3" 81 0.00060146385488786 7
0.431308363492204 1.79073747450222 "2" 81 0.00060146385488786 7
0.288669092386543 1.64085670102435 "2" 81 0.00060146385488786 7
-1.58682046709489 -0.321830395514406 "3" 81 0.00060146385488786 7
-1.45178999951309 -0.542912403079735 "3" 81 0.00060146385488786 7
0.475761949241744 1.38476200622535 "2" 81 0.00060146385488786 7
-1.73926547465455 -0.563212861668072 "3" 81 0.00060146385488786 7
1.28752522205187 -0.992211974130568 "1" 81 0.00060146385488786 7
0.925792607555307 -1.25097117367375 "1" 81 0.00060146385488786 7
1.14385680694826 -0.92410753725096 "1" 81 0.00060146385488786 7
1.8543911796106 -1.43793915094568 "3" 93 0.000603912880753472 8
-1.43854549427407 -0.227112510515251 "2" 93 0.000603912880753472 8
-1.42144052661751 -0.273321996015218 "2" 93 0.000603912880753472 8
-0.126660025689136 1.03569918961863 "1" 93 0.000603912880753472 8
-0.0348631740423635 1.51527790886163 "1" 93 0.000603912880753472 8
-0.362684382671572 1.53852907486768 "1" 93 0.000603912880753472 8
0.0419467167515101 1.5379098449953 "1" 93 0.000603912880753472 8
-0.350045132461417 1.5276186943529 "1" 93 0.000603912880753472 8
0.21852632997368 1.39535658636566 "1" 93 0.000603912880753472 8
1.55983129876702 -1.3755577961299 "3" 93 0.000603912880753472 8
-0.264069353311467 1.54817549474878 "1" 93 0.000603912880753472 8
-1.56118134013149 0.0292791322832993 "2" 93 0.000603912880753472 8
-1.41200675549877 -0.177403172267639 "2" 93 0.000603912880753472 8
-1.45640737136977 -0.165724507817396 "2" 93 0.000603912880753472 8
-1.47448055615303 -0.292092094658701 "2" 93 0.000603912880753472 8
-1.42213242083515 -0.107416803656067 "2" 93 0.000603912880753472 8
1.53983069347554 -1.26260976905409 "3" 93 0.000603912880753472 8
-0.0928803994795745 1.50517376971444 "1" 93 0.000603912880753472 8
-1.536271130168 -0.74377762343837 "2" 93 0.000603912880753472 8
-1.4836942464092 -0.0497898678701556 "2" 93 0.000603912880753472 8
0.0615644080236312 1.65229092100663 "1" 93 0.000603912880753472 8
1.46868054918747 -1.50489908180392 "3" 93 0.000603912880753472 8
1.4343533066611 -1.33690308918605 "3" 93 0.000603912880753472 8
1.70892696363715 -0.601849460626973 "3" 93 0.000603912880753472 8
1.66760342931652 -1.25763740413924 "3" 93 0.000603912880753472 8
-0.0559888008184224 1.03042862925476 "1" 93 0.000603912880753472 8
1.39324629063797 -0.924737905726145 "3" 93 0.000603912880753472 8
1.41334437919335 -1.23939466567034 "3" 93 0.000603912880753472 8
1.47114520581638 -0.938523142382836 "3" 93 0.000603912880753472 8
-1.34003964112096 -0.399049204165751 "2" 93 0.000603912880753472 8
0.407694692868678 -1.83808916462425 "2" 78 0.000613987743135613 9
-1.67234854811269 0.387915287098205 "3" 78 0.000613987743135613 9
-2.0966435412062 0.459437252037725 "3" 78 0.000613987743135613 9
0.622145169695003 -1.61752149716318 "2" 78 0.000613987743135613 9
0.217005886286329 -1.70515988606546 "2" 78 0.000613987743135613 9
-2.16773772697874 0.400879013682995 "3" 78 0.000613987743135613 9
-1.38795543222281 0.436145823684585 "3" 78 0.000613987743135613 9
-1.81421044788527 0.515200068563442 "3" 78 0.000613987743135613 9
1.2120901034395 1.58560150783601 "1" 78 0.000613987743135613 9
0.867567081138825 -1.60213963423395 "2" 78 0.000613987743135613 9
-2.02109748355597 0.454910720090398 "3" 78 0.000613987743135613 9
0.998798531625809 1.42975899333013 "1" 78 0.000613987743135613 9
1.26051443619922 1.10469903839742 "1" 78 0.000613987743135613 9
0.34806771420319 -1.53397424980389 "2" 78 0.000613987743135613 9
0.875069299138044 1.21674324425124 "1" 78 0.000613987743135613 9
-1.93865795405553 0.264558300549088 "3" 78 0.000613987743135613 9
0.623680079358046 -1.57536326259832 "2" 78 0.000613987743135613 9
1.27462542880962 1.33480903261166 "1" 78 0.000613987743135613 9
1.81516008700729 1.04217492358518 "1" 78 0.000613987743135613 9
0.154888090368734 -1.74139110293297 "2" 78 0.000613987743135613 9
-1.41543547215351 0.207104035215573 "3" 78 0.000613987743135613 9
0.761834642356005 -1.33807922449367 "2" 78 0.000613987743135613 9
0.959343659798698 -1.74705690120377 "2" 78 0.000613987743135613 9
-2.32060533401498 0.566070478069287 "3" 78 0.000613987743135613 9
1.24261650519884 1.2331946967615 "1" 78 0.000613987743135613 9
-1.40802563033861 0.528621457241086 "3" 78 0.000613987743135613 9
0.515006058055032 -1.70898973463055 "2" 78 0.000613987743135613 9
1.38514297458816 1.08608065617575 "1" 78 0.000613987743135613 9
1.62011876964787 1.21642788304328 "1" 78 0.000613987743135613 9
1.0813483607414 0.937432245525463 "1" 78 0.000613987743135613 9
0.835145678726157 -1.63972960181476 "2" 101 0.000623126384756559 10
-1.69930474270574 0.0709571525236568 "1" 101 0.000623126384756559 10
-2.04616595991626 0.136001440745091 "1" 101 0.000623126384756559 10
1.07633260993308 -1.54328369881344 "2" 101 0.000623126384756559 10
0.729681293710466 1.32424288151863 "3" 101 0.000623126384756559 10
0.935010003835443 -1.41625693730328 "2" 101 0.000623126384756559 10
0.709791475480784 -1.60168322959852 "2" 101 0.000623126384756559 10
1.00667553503969 1.88352752642366 "3" 101 0.000623126384756559 10
1.36390237642041 1.04489830179395 "3" 101 0.000623126384756559 10
-2.03120807430755 0.495143776949698 "1" 101 0.000623126384756559 10
0.743865737861797 1.14216498897186 "3" 101 0.000623126384756559 10
0.697043461177225 1.88973497861969 "3" 101 0.000623126384756559 10
-1.9771127786184 -0.246365776113697 "1" 101 0.000623126384756559 10
1.03083553792833 1.30921980014283 "3" 101 0.000623126384756559 10
-1.95649567677622 -0.110716518970965 "1" 101 0.000623126384756559 10
1.07524575670143 -1.43180606020912 "2" 101 0.000623126384756559 10
1.14858222434689 -1.62571593917212 "2" 101 0.000623126384756559 10
0.7119548329633 -1.27657270440724 "2" 101 0.000623126384756559 10
-1.45227527978942 0.0763844187796589 "1" 101 0.000623126384756559 10
-1.67012610344464 0.00104045224275075 "1" 101 0.000623126384756559 10
-1.79970828661114 0.178257243326509 "1" 101 0.000623126384756559 10
-2.06464287359626 0.219513947913984 "1" 101 0.000623126384756559 10
0.899340153386091 1.46493574631377 "3" 101 0.000623126384756559 10
0.946508304074253 1.42700529068065 "3" 101 0.000623126384756559 10
0.771269137096192 -1.89886393182372 "2" 101 0.000623126384756559 10
-1.82334242788685 -0.0797098919985356 "1" 101 0.000623126384756559 10
1.17103725970285 -1.30930927750332 "2" 101 0.000623126384756559 10
0.797889547297016 1.34466683005667 "3" 101 0.000623126384756559 10
0.728842174209208 -1.3762403570668 "2" 101 0.000623126384756559 10
1.14142910376188 1.54855914779244 "3" 101 0.000623126384756559 10
-1.73277475591499 -0.875751743445016 "2" 74 0.000658586397766647 11
1.44032248425064 -1.15812978617381 "3" 74 0.000658586397766647 11
0.407642179225076 1.81460902512624 "1" 74 0.000658586397766647 11
-1.39724275585468 -0.332337144785458 "2" 74 0.000658586397766647 11
1.11893477573781 -1.00628170757496 "3" 74 0.000658586397766647 11
1.5307094538155 -1.04741011507976 "3" 74 0.000658586397766647 11
0.506160150134602 2.15583847000946 "1" 74 0.000658586397766647 11
-1.79826377683674 -0.496903173948719 "2" 74 0.000658586397766647 11
1.38850946372828 -0.756956595626728 "3" 74 0.000658586397766647 11
-1.70983124906502 -0.655782854226796 "2" 74 0.000658586397766647 11
-1.80909384172418 -0.904561005651931 "2" 74 0.000658586397766647 11
1.56966667542492 -1.15278985461294 "3" 74 0.000658586397766647 11
0.246207984833592 1.89360532125345 "1" 74 0.000658586397766647 11
0.147352742221894 1.37954367515502 "1" 74 0.000658586397766647 11
1.32460493313413 -1.03469452113863 "3" 74 0.000658586397766647 11
-1.78504190192473 -0.945605289899377 "2" 74 0.000658586397766647 11
1.53055406836503 -0.855107735615962 "3" 74 0.000658586397766647 11
-1.61283930737463 -0.578735203767202 "2" 74 0.000658586397766647 11
0.89405223923691 1.65909841960148 "1" 74 0.000658586397766647 11
-0.16650800742282 1.76719127668777 "1" 74 0.000658586397766647 11
-1.71054988386438 -1.16600215328951 "2" 74 0.000658586397766647 11
1.24127477583213 -0.855765598879368 "3" 74 0.000658586397766647 11
-1.40403579628622 -0.691246199483771 "2" 74 0.000658586397766647 11
-0.000982780738514287 1.67025572223579 "1" 74 0.000658586397766647 11
1.24070256642318 -0.754023957170101 "3" 74 0.000658586397766647 11
0.393174995644022 1.54254287553274 "1" 74 0.000658586397766647 11
0.190788171734213 1.73642388750074 "1" 74 0.000658586397766647 11
0.10393180013255 1.6965334177715 "1" 74 0.000658586397766647 11
1.40056678890708 -1.34853851070403 "3" 74 0.000658586397766647 11
-1.54799219177465 -0.699018939800128 "2" 74 0.000658586397766647 11
-1.68419497790674 -0.692011799587926 "1" 98 0.00105704075256149 12
-1.39489069115529 -0.442248398430279 "1" 98 0.00105704075256149 12
-1.51636678433484 -0.823665242469228 "1" 98 0.00105704075256149 12
-0.769057115031587 -0.583202819582614 "1" 98 0.00105704075256149 12
-1.64914968002353 -0.439149459064844 "1" 98 0.00105704075256149 12
-1.64319606101804 -0.387437516137445 "1" 98 0.00105704075256149 12
-1.54165718567899 -0.649528088446009 "1" 98 0.00105704075256149 12
-1.11463328201353 -0.382582150096133 "1" 98 0.00105704075256149 12
-1.33130257882021 -0.54103018824106 "1" 98 0.00105704075256149 12
-1.33765431225979 -0.599110204773021 "1" 98 0.00105704075256149 12
-0.481368075895184 1.81747715359753 "2" 98 0.00105704075256149 12
0.37960474289948 1.79289751735575 "2" 98 0.00105704075256149 12
0.265753060969372 1.89270713009197 "2" 98 0.00105704075256149 12
0.282320150934601 1.67051617994985 "2" 98 0.00105704075256149 12
-0.0676045174215435 1.71857612508802 "2" 98 0.00105704075256149 12
0.468059848916589 2.19146109775936 "2" 98 0.00105704075256149 12
0.823917377826204 1.88823323062278 "2" 98 0.00105704075256149 12
0.68061233471503 2.08575335664536 "2" 98 0.00105704075256149 12
0.560997961244632 2.07889718194242 "2" 98 0.00105704075256149 12
0.130107941663098 1.96675711907363 "2" 98 0.00105704075256149 12
1.43931439886049 -1.18327791177183 "3" 98 0.00105704075256149 12
1.43747548610863 -1.33561917296506 "3" 98 0.00105704075256149 12
1.11436432933305 -1.34673307228715 "3" 98 0.00105704075256149 12
0.737538502068936 -1.78937061928164 "3" 98 0.00105704075256149 12
1.55022621947257 -1.36466473919207 "3" 98 0.00105704075256149 12
0.97276817245196 -1.23946424910887 "3" 98 0.00105704075256149 12
0.774780514428331 -1.36310924332855 "3" 98 0.00105704075256149 12
1.56989522507107 -1.00456731495308 "3" 98 0.00105704075256149 12
0.35081650217987 -1.54986602318598 "3" 98 0.00105704075256149 12
0.992522492415363 -1.38663787922389 "3" 98 0.00105704075256149 12
1.9488293387589 0.573923757061175 "1" 80 0.000688885623965528 13
-0.340238391457182 -1.92285737644953 "3" 80 0.000688885623965528 13
-0.429016114091521 -2.27110483775679 "3" 80 0.000688885623965528 13
-0.52187465678988 -1.86084187035614 "3" 80 0.000688885623965528 13
-0.9440087825884 0.82657223041473 "2" 80 0.000688885623965528 13
-0.220331815747719 -2.37961688046599 "3" 80 0.000688885623965528 13
-0.248016360457759 -1.63413007418613 "3" 80 0.000688885623965528 13
-1.60704882908563 1.05339090546518 "2" 80 0.000688885623965528 13
1.57260764673854 0.962192198055695 "1" 80 0.000688885623965528 13
1.79702091253644 0.811752806657252 "1" 80 0.000688885623965528 13
-0.493337842290991 -1.93621202455431 "3" 80 0.000688885623965528 13
1.85334932828483 1.031108384162 "1" 80 0.000688885623965528 13
-1.21833056749373 1.34812619226584 "2" 80 0.000688885623965528 13
-1.66819830018779 1.40506786659163 "2" 80 0.000688885623965528 13
-0.146555324304115 -2.18670042578623 "3" 80 0.000688885623965528 13
0.119627281859327 -1.97710459230553 "3" 80 0.000688885623965528 13
-1.75420546191767 1.20390695660459 "2" 80 0.000688885623965528 13
1.39393474698503 0.805142988628982 "1" 80 0.000688885623965528 13
-1.39098272992683 1.34572142137165 "2" 80 0.000688885623965528 13
-1.31566614555543 1.00348314772837 "2" 80 0.000688885623965528 13
-1.50352697411884 1.34841506117725 "2" 80 0.000688885623965528 13
-1.63990968466173 0.878537495694145 "2" 80 0.000688885623965528 13
2.00004289214215 1.36998846918675 "1" 80 0.000688885623965528 13
-0.331606400737462 -2.46296965139131 "3" 80 0.000688885623965528 13
1.28407714814797 0.748913778471942 "1" 80 0.000688885623965528 13
-0.384087032080771 -1.97521809139764 "3" 80 0.000688885623965528 13
2.09400052305791 0.697681152131152 "1" 80 0.000688885623965528 13
1.59399847768597 0.982967392541202 "1" 80 0.000688885623965528 13
-1.10638296552544 1.12319878301755 "2" 80 0.000688885623965528 13
1.60583608282182 1.08666483742252 "1" 80 0.000688885623965528 13
-1.76664113038706 -0.626297867431184 "2" 89 0.000732047915461775 14
-1.0766147451075 -0.711434769437316 "2" 89 0.000732047915461775 14
-1.45629928421681 -0.97682580152734 "2" 89 0.000732047915461775 14
-1.40412578242806 -0.56167774297283 "2" 89 0.000732047915461775 14
0.170390164667839 1.59386727321929 "1" 89 0.000732047915461775 14
0.324454812521363 1.93003686188671 "1" 89 0.000732047915461775 14
0.952469735005592 -0.670050411850735 "3" 89 0.000732047915461775 14
1.61260353709053 -0.918554741991171 "3" 89 0.000732047915461775 14
0.315465619886729 1.95717257445933 "1" 89 0.000732047915461775 14
-1.75374498394425 -0.671812189542528 "2" 89 0.000732047915461775 14
0.737176922820879 -0.966287386891186 "3" 89 0.000732047915461775 14
1.21156424168372 -1.17972992111945 "3" 89 0.000732047915461775 14
0.598577249583991 1.84772177046291 "1" 89 0.000732047915461775 14
0.319263693565713 1.60098235363751 "1" 89 0.000732047915461775 14
0.154936574935969 1.81292919804149 "1" 89 0.000732047915461775 14
-1.54417690662651 -0.64681620091976 "2" 89 0.000732047915461775 14
1.35439026437677 -1.12972071622007 "3" 89 0.000732047915461775 14
0.822156769468429 1.43890982559238 "1" 89 0.000732047915461775 14
0.116765191727467 1.97419275129155 "1" 89 0.000732047915461775 14
0.833953529063416 1.61535145696156 "1" 89 0.000732047915461775 14
0.595833847141988 -1.04013888795979 "3" 89 0.000732047915461775 14
1.17548332162563 -0.985178456322213 "3" 89 0.000732047915461775 14
1.25872877428435 -1.01296619496203 "3" 89 0.000732047915461775 14
-1.48790010392072 -0.787130071930077 "2" 89 0.000732047915461775 14
-1.60713004380437 -0.868932086721308 "2" 89 0.000732047915461775 14
0.88768438719413 -0.910209701012422 "3" 89 0.000732047915461775 14
0.285192453240181 1.55022641309216 "1" 89 0.000732047915461775 14
-1.32265229731225 -0.876095023132314 "2" 89 0.000732047915461775 14
0.968102058783391 -1.11694387528921 "3" 89 0.000732047915461775 14
-1.27590787092055 -0.664588431411973 "2" 89 0.000732047915461775 14
-1.79826362774301 -1.30652402673602 "1" 105 0.000756858227874815 15
-1.3363454115761 -1.44878970429436 "1" 105 0.000756858227874815 15
-1.4347902422518 -1.57526264880304 "1" 105 0.000756858227874815 15
-0.649060140417937 1.97628114706788 "3" 105 0.000756858227874815 15
-1.16289196433796 -1.51047137107878 "1" 105 0.000756858227874815 15
-1.0894000893989 -1.41856101072252 "1" 105 0.000756858227874815 15
1.71624650283567 -0.0329925347574181 "2" 105 0.000756858227874815 15
2.19208230590529 -0.302692360472431 "2" 105 0.000756858227874815 15
-0.28618040557926 1.48184732942003 "3" 105 0.000756858227874815 15
-0.609538025529016 1.71258385428488 "3" 105 0.000756858227874815 15
-0.975345241539823 1.40820367470202 "3" 105 0.000756858227874815 15
1.92194853775178 -0.123750359543966 "2" 105 0.000756858227874815 15
1.59899446924863 -0.12026722053385 "2" 105 0.000756858227874815 15
1.94368497404363 -0.536850172473758 "2" 105 0.000756858227874815 15
-1.0638248333237 1.85911370333898 "3" 105 0.000756858227874815 15
-1.78529282826914 -1.13639257940821 "1" 105 0.000756858227874815 15
1.59622312811755 -0.325955948820004 "2" 105 0.000756858227874815 15
-0.909220423325599 -1.65018157800642 "1" 105 0.000756858227874815 15
2.11650478277871 -0.239573093019609 "2" 105 0.000756858227874815 15
0.113780196444451 1.26414524407745 "3" 105 0.000756858227874815 15
-1.51780885168769 -1.12367939326581 "1" 105 0.000756858227874815 15
-1.26420582659874 -1.34702769821026 "1" 105 0.000756858227874815 15
1.62200058110071 0.00305844235265776 "2" 105 0.000756858227874815 15
-0.664882848636601 1.84378886214509 "3" 105 0.000756858227874815 15
-0.090469549693022 1.6258137049741 "3" 105 0.000756858227874815 15
-0.76307658583563 1.89875403389823 "3" 105 0.000756858227874815 15
-0.94367191673983 -1.72481791340943 "1" 105 0.000756858227874815 15
-0.18110719299158 1.736013273036 "3" 105 0.000756858227874815 15
1.97248373823921 -0.54792846119207 "2" 105 0.000756858227874815 15
1.73142678900969 -0.337885194549364 "2" 105 0.000756858227874815 15
1.7747661207803 -1.17349306993904 "3" 96 0.000780340985097484 16
1.62546270803918 -1.27378618518455 "3" 96 0.000780340985097484 16
-1.53188031540031 -0.7568261698026 "1" 96 0.000780340985097484 16
-0.62246009438026 0.89704293857156 "2" 96 0.000780340985097484 16
-1.40649711504955 -0.640372878790228 "1" 96 0.000780340985097484 16
-1.73225111892889 -0.75380741457981 "1" 96 0.000780340985097484 16
1.58370520413433 -1.12360494929881 "3" 96 0.000780340985097484 16
1.61753887145796 -1.09803007158487 "3" 96 0.000780340985097484 16
-0.0404427072169038 1.43271669570622 "2" 96 0.000780340985097484 16
1.19370098847753 -1.39265386447546 "3" 96 0.000780340985097484 16
-1.39354955231758 -0.280122875157529 "1" 96 0.000780340985097484 16
-1.40881804647899 -0.573933216300649 "1" 96 0.000780340985097484 16
-1.36671133077535 -0.317723955988925 "1" 96 0.000780340985097484 16
-1.34955244549118 -0.897056242135094 "1" 96 0.000780340985097484 16
-1.35147859839251 -0.655329275145862 "1" 96 0.000780340985097484 16
-0.255512271751877 1.71777182560698 "2" 96 0.000780340985097484 16
-0.378027896124631 1.72732461679687 "2" 96 0.000780340985097484 16
-0.472382108542464 1.66874190898039 "2" 96 0.000780340985097484 16
1.61469186243771 -1.03106427473822 "3" 96 0.000780340985097484 16
1.62826070560514 -0.967501798247142 "3" 96 0.000780340985097484 16
-0.112403946691024 1.73101032603942 "2" 96 0.000780340985097484 16
-0.17967141015216 1.75221081029626 "2" 96 0.000780340985097484 16
1.88404713183523 -0.630874484815928 "3" 96 0.000780340985097484 16
2.05806179323411 -0.508375032533342 "3" 96 0.000780340985097484 16
-1.82113953555675 -0.77175036482975 "1" 96 0.000780340985097484 16
-0.323240993907475 1.40842815102837 "2" 96 0.000780340985097484 16
2.12991347667394 -0.569891018384372 "3" 96 0.000780340985097484 16
0.172349393350525 1.78933505613099 "2" 96 0.000780340985097484 16
-1.35814904894001 -0.157405623256422 "1" 96 0.000780340985097484 16
-0.178329719928023 1.44902043603155 "2" 96 0.000780340985097484 16
-1.55340587536138 -1.19640506487246 "3" 97 0.000794703335604719 17
-1.53080250655294 -0.854492505078825 "3" 97 0.000794703335604719 17
2.22206273704656 0.225071350920053 "1" 97 0.000794703335604719 17
1.94100181312756 0.00602787276715288 "1" 97 0.000794703335604719 17
-1.63695371227899 -1.41187394365482 "3" 97 0.000794703335604719 17
-1.38517096896509 -1.31828742434264 "3" 97 0.000794703335604719 17
2.16721770304515 -0.690468867829355 "1" 97 0.000794703335604719 17
-0.941629844660511 1.14221725445341 "2" 97 0.000794703335604719 17
1.72806364409257 -0.864232907193231 "1" 97 0.000794703335604719 17
-0.701751249002874 1.59727115188564 "2" 97 0.000794703335604719 17
-0.591459382001401 1.05020365706252 "2" 97 0.000794703335604719 17
-1.59342837096794 -0.882361017565773 "3" 97 0.000794703335604719 17
2.04697005936126 -0.398413204670745 "1" 97 0.000794703335604719 17
-0.422589992435745 1.85319192037922 "2" 97 0.000794703335604719 17
-0.331621574967756 1.98045177989393 "2" 97 0.000794703335604719 17
-1.57434048296981 -1.21611741593484 "3" 97 0.000794703335604719 17
2.06713032939983 -0.209638469822996 "1" 97 0.000794703335604719 17
1.83855549307644 -0.392288949094181 "1" 97 0.000794703335604719 17
-1.53567024195045 -1.44907572851174 "3" 97 0.000794703335604719 17
-1.24288541869049 -0.813138299495054 "3" 97 0.000794703335604719 17
-0.242107646702416 1.74777702193743 "2" 97 0.000794703335604719 17
1.74492987028072 -0.787361685272479 "1" 97 0.000794703335604719 17
-0.560381848498058 1.45836812358895 "2" 97 0.000794703335604719 17
-1.16224353964477 -1.05219059789153 "3" 97 0.000794703335604719 17
2.09879114797169 -0.714834451792375 "1" 97 0.000794703335604719 17
-0.626560421287017 1.30485973853011 "2" 97 0.000794703335604719 17
-0.530206272261212 1.37469485017051 "2" 97 0.000794703335604719 17
-0.499000098205115 1.68834492976964 "2" 97 0.000794703335604719 17
2.13251474325087 -0.819872217627046 "1" 97 0.000794703335604719 17
-1.32502809324871 -0.35742690070849 "3" 97 0.000794703335604719 17
0.644218226750194 -1.4557191892202 "2" 100 0.000823841384552639 18
-2.06964199109874 0.371899379762806 "3" 100 0.000823841384552639 18
1.09544584061965 1.53429169560174 "1" 100 0.000823841384552639 18
0.651001062279855 -0.658987138051672 "2" 100 0.000823841384552639 18
1.11060885265124 1.18337230535348 "1" 100 0.000823841384552639 18
0.649524636429855 -1.163896601322 "2" 100 0.000823841384552639 18
-1.74238621126342 0.031557946806877 "3" 100 0.000823841384552639 18
0.454953144127359 -0.83913599416468 "2" 100 0.000823841384552639 18
0.530706639056254 -1.19906261648312 "2" 100 0.000823841384552639 18
-2.07916794999197 0.161648679891826 "3" 100 0.000823841384552639 18
-1.6267967771839 -0.580142660550075 "3" 100 0.000823841384552639 18
1.36929792303398 1.47999735291299 "1" 100 0.000823841384552639 18
-1.71996073652784 -0.216226454218764 "3" 100 0.000823841384552639 18
1.37637896224863 1.23400363291018 "1" 100 0.000823841384552639 18
-2.12781453940595 -0.205854400572463 "3" 100 0.000823841384552639 18
1.07562167235951 -1.75467295459572 "2" 100 0.000823841384552639 18
1.08686509428684 1.43676390073187 "1" 100 0.000823841384552639 18
0.436965179988174 -1.10288272985906 "2" 100 0.000823841384552639 18
0.78933299952931 -1.5781367883467 "2" 100 0.000823841384552639 18
-2.38595116124105 0.0660547166168104 "3" 100 0.000823841384552639 18
-1.99324534386065 -0.00807674563194179 "3" 100 0.000823841384552639 18
-1.92289034281244 -0.0263762235834166 "3" 100 0.000823841384552639 18
1.52375399626045 1.47579700654665 "1" 100 0.000823841384552639 18
1.32729755229219 1.0458261937681 "1" 100 0.000823841384552639 18
1.24444067144131 1.33308140367843 "1" 100 0.000823841384552639 18
1.24072480167224 1.59336862270841 "1" 100 0.000823841384552639 18
1.161999115136 1.04004057872925 "1" 100 0.000823841384552639 18
0.742109060861768 -1.3485900670779 "2" 100 0.000823841384552639 18
-1.70366182640655 -0.604856267897961 "3" 100 0.000823841384552639 18
0.86027144876768 -1.24508658444375 "2" 100 0.000823841384552639 18
-1.26882870631514 -0.619680002873243 "2" 97 0.000865713142912982 19
-0.506464981773988 1.22574185562816 "1" 97 0.000865713142912982 19
1.76542207789974 -0.564660712804345 "3" 97 0.000865713142912982 19
1.6061788554849 -0.352815517578973 "3" 97 0.000865713142912982 19
1.57678325121568 -0.296995680218757 "3" 97 0.000865713142912982 19
1.49881894655415 -0.324975257821946 "3" 97 0.000865713142912982 19
2.09918121657627 -0.349978022979845 "3" 97 0.000865713142912982 19
-1.6338731395857 -0.985525377361737 "2" 97 0.000865713142912982 19
-0.571103063465357 1.88690705688233 "1" 97 0.000865713142912982 19
-1.09825249677343 -1.48791074197307 "2" 97 0.000865713142912982 19
-1.4270175421688 -1.3800076244 "2" 97 0.000865713142912982 19
-0.300584532206098 1.25033871780934 "1" 97 0.000865713142912982 19
-0.55806361444358 1.33297381618218 "1" 97 0.000865713142912982 19
-1.0790754668478 -1.25454645083513 "2" 97 0.000865713142912982 19
-0.173802507759796 1.69894205771447 "1" 97 0.000865713142912982 19
-0.492533960868427 1.30399917462739 "1" 97 0.000865713142912982 19
-0.400961453871313 1.54405615949023 "1" 97 0.000865713142912982 19
1.53463453732056 0.0874023832323139 "3" 97 0.000865713142912982 19
-1.37780140166633 -1.23993229007171 "2" 97 0.000865713142912982 19
-1.20134416411871 -1.06937200642107 "2" 97 0.000865713142912982 19
-0.512570815321715 1.64787977529791 "1" 97 0.000865713142912982 19
-1.27933171911178 -1.25804259547544 "2" 97 0.000865713142912982 19
-1.31498514307913 -1.57132937758193 "2" 97 0.000865713142912982 19
-0.423939567951879 1.53572776262667 "1" 97 0.000865713142912982 19
2.01655760821966 -0.386259630501502 "3" 97 0.000865713142912982 19
2.08004146318572 0.223260042558117 "3" 97 0.000865713142912982 19
-0.570500327198925 1.64398372599354 "1" 97 0.000865713142912982 19
1.52859064784332 -0.406097453749973 "3" 97 0.000865713142912982 19
1.52292309419106 -0.536542236192326 "3" 97 0.000865713142912982 19
-1.03809709396315 -1.29654154920166 "2" 97 0.000865713142912982 19
-1.31658469643584 0.730779035560535 "2" 105 0.000914809532390258 20
-0.826559241732935 -1.40944499272009 "3" 105 0.000914809532390258 20
-0.743309567284077 -1.83318603257639 "3" 105 0.000914809532390258 20
2.11184380182501 0.298832551895546 "1" 105 0.000914809532390258 20
2.01697707782574 0.653183379877258 "1" 105 0.000914809532390258 20
-1.5496938210629 1.58145084801072 "2" 105 0.000914809532390258 20
1.76582254395364 0.600515252748499 "1" 105 0.000914809532390258 20
-1.07089644528683 0.434744620834183 "2" 105 0.000914809532390258 20
2.13111967765321 0.14842941961271 "1" 105 0.000914809532390258 20
-0.604258904518249 -1.70937455204226 "3" 105 0.000914809532390258 20
-0.839217488950144 -0.962943996957181 "3" 105 0.000914809532390258 20
-0.460023693963407 -1.78426411433345 "3" 105 0.000914809532390258 20
-0.960951497830535 -0.962578914757341 "3" 105 0.000914809532390258 20
2.30427553590256 -0.316035566126537 "1" 105 0.000914809532390258 20
-1.1415542390511 1.00258064846789 "2" 105 0.000914809532390258 20
1.74190738264171 0.922128790837507 "1" 105 0.000914809532390258 20
-1.26441952212314 0.989385176182727 "2" 105 0.000914809532390258 20
2.08094446129703 0.765283468051004 "1" 105 0.000914809532390258 20
-0.785504872766748 -1.3738295539188 "3" 105 0.000914809532390258 20
-1.29343463200359 1.03148225178192 "2" 105 0.000914809532390258 20
1.85177027593488 1.18699996081689 "1" 105 0.000914809532390258 20
-1.09673719544549 0.493464392239941 "2" 105 0.000914809532390258 20
-0.970755843166139 -1.25036672407216 "3" 105 0.000914809532390258 20
-1.52845135609371 1.97020617355709 "2" 105 0.000914809532390258 20
-1.04684675437515 0.634846303168934 "2" 105 0.000914809532390258 20
-1.14894324143193 0.605041138454009 "2" 105 0.000914809532390258 20
-0.510828393484022 -2.25719965554479 "3" 105 0.000914809532390258 20
-0.832963343736298 -1.75229078118884 "3" 105 0.000914809532390258 20
2.05228748044724 1.34765766691446 "1" 105 0.000914809532390258 20
1.93498651326119 0.214503805225992 "1" 105 0.000914809532390258 20
