"X1" "X2" "cl" "nbases" "wilks.lambda" ".sample"
-0.391023892743008 -0.694514752311935 "3" 78 0.00357613054994242 1
1.64483625599181 0.5126032481769 "1" 78 0.00357613054994242 1
-1.69227486870094 0.506686356741753 "2" 78 0.00357613054994242 1
-1.06640813620208 0.624025358447519 "2" 78 0.00357613054994242 1
-0.0600661979492784 -0.714537762193299 "3" 78 0.00357613054994242 1
-1.08387454994489 0.397809501017177 "2" 78 0.00357613054994242 1
-0.307471975382946 -1.15685990849552 "3" 78 0.00357613054994242 1
-0.539544850684256 -1.71768100734377 "3" 78 0.00357613054994242 1
-1.76273744699122 0.940190359434863 "2" 78 0.00357613054994242 1
1.52237422134387 0.168883489133471 "1" 78 0.00357613054994242 1
-1.29680681235855 1.06133117004642 "2" 78 0.00357613054994242 1
-0.204749956349348 -1.1334272977403 "3" 78 0.00357613054994242 1
-0.147992902484515 -1.32409486081034 "3" 78 0.00357613054994242 1
1.85349775599289 0.524085585993005 "1" 78 0.00357613054994242 1
1.59747997718607 0.626541901921066 "1" 78 0.00357613054994242 1
1.90904153776512 0.652184448842669 "1" 78 0.00357613054994242 1
1.18651749685965 0.183163083879278 "1" 78 0.00357613054994242 1
-1.50678707542662 0.530091820757906 "2" 78 0.00357613054994242 1
-0.0926088726955891 -1.52370604451901 "3" 78 0.00357613054994242 1
-1.43218371807271 0.984536955977 "2" 78 0.00357613054994242 1
0.0836291271807764 -1.45122715049808 "3" 78 0.00357613054994242 1
-1.21166024738217 0.535921288845708 "2" 78 0.00357613054994242 1
-1.09492065158802 1.44852307736171 "2" 78 0.00357613054994242 1
1.85866401859187 0.309248370320542 "1" 78 0.00357613054994242 1
-0.0831186189362372 -1.52005533673088 "3" 78 0.00357613054994242 1
1.7838018993114 0.650467038442578 "1" 78 0.00357613054994242 1
1.07949437288895 0.0295361757664687 "1" 78 0.00357613054994242 1
1.50354083545729 0.523769481440392 "1" 78 0.00357613054994242 1
-0.621573647279377 -1.17638868668714 "3" 78 0.00357613054994242 1
-1.42707307739792 1.20289409478386 "2" 78 0.00357613054994242 1
0.979462981024438 0.910587282392733 "1" 92 0.00367366762239423 2
0.314826349155012 -1.62976012656782 "2" 92 0.00367366762239423 2
-0.188755474440876 -1.03553627378767 "2" 92 0.00367366762239423 2
-1.04314197401674 1.2753837867901 "3" 92 0.00367366762239423 2
-0.620670584743035 0.774549269070152 "3" 92 0.00367366762239423 2
0.32240061160395 -1.03778939600891 "2" 92 0.00367366762239423 2
0.862440803938511 0.771108241451516 "1" 92 0.00367366762239423 2
0.687369736897369 0.834249380032525 "1" 92 0.00367366762239423 2
-0.986002690718748 0.413986523058682 "3" 92 0.00367366762239423 2
1.08318781947458 0.419834946856587 "1" 92 0.00367366762239423 2
0.159097006971419 -1.6606435974021 "2" 92 0.00367366762239423 2
-1.4533456043584 0.594352281577358 "3" 92 0.00367366762239423 2
0.0971233498029625 -1.4669332569899 "2" 92 0.00367366762239423 2
-1.27855677667684 1.37571897716557 "3" 92 0.00367366762239423 2
-0.950065200337228 0.660737010866176 "3" 92 0.00367366762239423 2
1.10232491299886 0.478417084139738 "1" 92 0.00367366762239423 2
-0.276354082030507 -1.51226545000251 "2" 92 0.00367366762239423 2
1.08390797341275 0.889505963720912 "1" 92 0.00367366762239423 2
-0.868491048285919 0.613464733990249 "3" 92 0.00367366762239423 2
1.10439292320681 0.446672370885129 "1" 92 0.00367366762239423 2
1.18661459326811 0.12097181025524 "1" 92 0.00367366762239423 2
1.13602867678841 0.495122299786899 "1" 92 0.00367366762239423 2
-1.14298317946814 0.522669240968587 "3" 92 0.00367366762239423 2
-1.45174252493111 0.795999881004166 "3" 92 0.00367366762239423 2
-0.130681708013679 -1.527781012653 "2" 92 0.00367366762239423 2
-0.0377743201779579 -1.39749167983403 "2" 92 0.00367366762239423 2
-1.25284710686945 1.02116337631327 "3" 92 0.00367366762239423 2
0.426379853213128 -1.08155002084631 "2" 92 0.00367366762239423 2
0.113188220521267 -1.44208117238502 "2" 92 0.00367366762239423 2
1.02266646279105 0.377337526151698 "1" 92 0.00367366762239423 2
-1.16969730489231 0.432107140125351 "2" 98 0.0044196368352766 3
1.04449814354208 -1.07323119715137 "1" 98 0.0044196368352766 3
0.147106117870283 0.791189907013032 "3" 98 0.0044196368352766 3
0.655782301893288 0.764482408804791 "3" 98 0.0044196368352766 3
0.710050777124343 0.821954397451756 "3" 98 0.0044196368352766 3
0.153398837001542 0.799668811973193 "3" 98 0.0044196368352766 3
-1.30156803533603 0.481287245455899 "2" 98 0.0044196368352766 3
0.869683524331434 -1.01041352706707 "1" 98 0.0044196368352766 3
-1.73598575147592 0.671737026134427 "2" 98 0.0044196368352766 3
0.534022339544445 1.49867760739915 "3" 98 0.0044196368352766 3
-1.41042422487844 0.296822890998912 "2" 98 0.0044196368352766 3
0.857486097750865 -1.31218177247514 "1" 98 0.0044196368352766 3
-1.32358476316631 -0.295163857562022 "2" 98 0.0044196368352766 3
-1.48747263188268 -0.0707762503239469 "2" 98 0.0044196368352766 3
0.382533558631665 0.851881661915252 "3" 98 0.0044196368352766 3
0.80539339443667 -1.45987833226941 "1" 98 0.0044196368352766 3
0.735143479053802 -0.979197734786907 "1" 98 0.0044196368352766 3
-1.46316365002138 0.343519437086055 "2" 98 0.0044196368352766 3
-1.17460641587696 -0.436192632531652 "2" 98 0.0044196368352766 3
-1.53632075087116 -0.104145763539085 "2" 98 0.0044196368352766 3
0.930655933357128 -0.834820838052368 "1" 98 0.0044196368352766 3
0.54503473291966 1.125397991215 "3" 98 0.0044196368352766 3
0.793781288733826 1.36072628677139 "3" 98 0.0044196368352766 3
1.21867631647671 -1.04329991711316 "1" 98 0.0044196368352766 3
0.749193445407341 -0.823916066339853 "1" 98 0.0044196368352766 3
1.24077446079158 -1.0650265427978 "1" 98 0.0044196368352766 3
0.502557728015025 -1.26604777924429 "1" 98 0.0044196368352766 3
0.734126175961173 0.991038524045487 "3" 98 0.0044196368352766 3
0.31452825557226 0.395631336604336 "3" 98 0.0044196368352766 3
-1.32160338001394 0.148169538260053 "2" 98 0.0044196368352766 3
-1.3868692295415 -0.368305926768824 "1" 95 0.00583832306384575 4
0.123555824122173 1.70439115133812 "3" 95 0.00583832306384575 4
-1.09278676126639 -0.496459008487121 "1" 95 0.00583832306384575 4
-1.43618980253893 -0.535738381079454 "1" 95 0.00583832306384575 4
0.271767141154774 1.0797456478044 "3" 95 0.00583832306384575 4
0.995010904324879 -0.76283329525269 "2" 95 0.00583832306384575 4
0.660479112397845 -0.771475811582285 "2" 95 0.00583832306384575 4
0.182624805066067 1.54238136613525 "3" 95 0.00583832306384575 4
-1.83822626550662 -0.455065816588798 "1" 95 0.00583832306384575 4
0.412648686279526 1.4603674963659 "3" 95 0.00583832306384575 4
0.825871729786561 -0.672653476711456 "2" 95 0.00583832306384575 4
0.952582056534015 -0.99194302576909 "2" 95 0.00583832306384575 4
-0.517265518367676 -0.650971328530197 "1" 95 0.00583832306384575 4
0.780291935083373 1.22375822132449 "3" 95 0.00583832306384575 4
1.32663631956671 -1.20081966281399 "2" 95 0.00583832306384575 4
0.21119030181154 1.33164596723325 "3" 95 0.00583832306384575 4
-0.933384621240051 -0.607797186380631 "1" 95 0.00583832306384575 4
-1.01243709828752 -0.382623008313551 "1" 95 0.00583832306384575 4
-1.30723808754735 -0.0614342551645006 "1" 95 0.00583832306384575 4
-0.169137214954552 1.13246941323851 "3" 95 0.00583832306384575 4
0.194131190679089 1.01547626009263 "3" 95 0.00583832306384575 4
0.6137189614609 -0.672690515787504 "2" 95 0.00583832306384575 4
1.68313917778293 -1.18082740701165 "2" 95 0.00583832306384575 4
0.268625176423556 -0.287654680580234 "2" 95 0.00583832306384575 4
0.195664930678282 1.13541498758741 "3" 95 0.00583832306384575 4
-1.0391929260316 -0.287802516495844 "1" 95 0.00583832306384575 4
0.818759244560863 -1.11806892602732 "2" 95 0.00583832306384575 4
-1.14535253684709 -0.022989620042455 "1" 95 0.00583832306384575 4
0.0707062078181361 1.14715670898839 "3" 95 0.00583832306384575 4
1.29067635659805 -1.24465337072074 "2" 95 0.00583832306384575 4
-0.558350560616881 1.85060297443247 "3" 66 0.00623966019145811 5
-0.0906050857510456 0.911462761826626 "3" 66 0.00623966019145811 5
-1.16649260634278 -1.15826926782891 "1" 66 0.00623966019145811 5
-0.72802830013466 1.40226117014164 "3" 66 0.00623966019145811 5
0.817043320412156 0.481461782986946 "2" 66 0.00623966019145811 5
1.20197991621155 -0.460844507389316 "2" 66 0.00623966019145811 5
-0.481209436682476 -1.53274420376022 "1" 66 0.00623966019145811 5
-0.672781959870971 1.58061306528531 "3" 66 0.00623966019145811 5
-1.07810659464159 -1.45859906506859 "1" 66 0.00623966019145811 5
1.94444893126106 -0.138785169636445 "2" 66 0.00623966019145811 5
-0.63306118235453 -1.52084186870116 "1" 66 0.00623966019145811 5
1.95190042929863 -0.177171508951762 "2" 66 0.00623966019145811 5
0.997710892800802 -0.154642953772081 "2" 66 0.00623966019145811 5
1.26875390985062 0.417159463741347 "2" 66 0.00623966019145811 5
-0.278039636193305 1.09432598160489 "3" 66 0.00623966019145811 5
-0.922567016140698 1.71957315545159 "3" 66 0.00623966019145811 5
-1.21671520660906 -1.07061041099994 "1" 66 0.00623966019145811 5
-0.501474099986033 1.00768668662485 "3" 66 0.00623966019145811 5
-0.728703897732669 1.02377871270109 "3" 66 0.00623966019145811 5
-0.920958571180798 -1.29088944186049 "1" 66 0.00623966019145811 5
-0.980904398114483 -0.657200958798083 "1" 66 0.00623966019145811 5
-0.0660107196410163 1.07781149428672 "3" 66 0.00623966019145811 5
-1.09232191863744 -1.03979853840682 "1" 66 0.00623966019145811 5
0.0193446491070815 0.860962835953333 "3" 66 0.00623966019145811 5
-0.850866254201824 -1.05469286356378 "1" 66 0.00623966019145811 5
1.40020414481746 -0.0274546339836654 "2" 66 0.00623966019145811 5
1.53628415962879 0.375214819319776 "2" 66 0.00623966019145811 5
0.899168702363194 0.0064735235639625 "2" 66 0.00623966019145811 5
-0.658221009957123 -1.52817998978435 "1" 66 0.00623966019145811 5
1.58857939903804 -0.538663045414939 "2" 66 0.00623966019145811 5
-0.566727158843269 -0.468493642002216 "1" 66 0.00644216987904986 6
1.90657675997815 -0.50370950736355 "2" 66 0.00644216987904986 6
1.15928490317117 -0.625272812770889 "2" 66 0.00644216987904986 6
-0.96985767540065 2.34000413264375 "3" 66 0.00644216987904986 6
1.89834342356528 -0.753027702351037 "2" 66 0.00644216987904986 6
1.28326432429226 -0.8119770677281 "2" 66 0.00644216987904986 6
1.26476584839504 -0.390386107588149 "2" 66 0.00644216987904986 6
-0.959643623611204 1.48066205425876 "3" 66 0.00644216987904986 6
-0.128134241895235 0.848676305887704 "3" 66 0.00644216987904986 6
1.57323078471056 -0.400693904240328 "2" 66 0.00644216987904986 6
1.15694086308784 0.336409053749536 "2" 66 0.00644216987904986 6
-0.873370318692374 -1.74151252678378 "1" 66 0.00644216987904986 6
-0.55325245693691 -1.09057037975189 "1" 66 0.00644216987904986 6
1.32729807460763 -0.125059330208877 "2" 66 0.00644216987904986 6
-0.405440591361109 1.59455676349395 "3" 66 0.00644216987904986 6
-0.661212103801658 1.00626495009203 "3" 66 0.00644216987904986 6
-0.896288642417984 -1.65633879162211 "1" 66 0.00644216987904986 6
-0.700753157774706 -1.1627064685134 "1" 66 0.00644216987904986 6
-0.86781455668207 -0.859737088879793 "1" 66 0.00644216987904986 6
-0.547005161967668 1.65243888429426 "3" 66 0.00644216987904986 6
-1.13622115045711 -0.834432431164026 "1" 66 0.00644216987904986 6
-0.57226676797262 1.12433845945316 "3" 66 0.00644216987904986 6
-0.815587286864639 -0.614901444455429 "1" 66 0.00644216987904986 6
-1.05198761631925 -1.24868413475604 "1" 66 0.00644216987904986 6
-0.901412984635349 1.67600559687851 "3" 66 0.00644216987904986 6
1.46202586641529 0.0423058273268853 "2" 66 0.00644216987904986 6
1.50995324425358 -0.387488186800813 "2" 66 0.00644216987904986 6
-1.18772940829033 1.98466219833083 "3" 66 0.00644216987904986 6
-0.502564193816503 -1.69543207189023 "1" 66 0.00644216987904986 6
-0.244414994736171 1.2840993724613 "3" 66 0.00644216987904986 6
-1.166299137639 -0.332455160694187 "2" 108 0.00676563243329411 7
0.340580514760633 1.44617392756613 "3" 108 0.00676563243329411 7
-1.44047266795354 -0.993162772389812 "2" 108 0.00676563243329411 7
0.332158130829608 1.19851099025055 "3" 108 0.00676563243329411 7
1.12372910273276 -0.577420609369082 "1" 108 0.00676563243329411 7
-1.26314199306445 0.190148963499539 "2" 108 0.00676563243329411 7
0.962537018069723 -0.639585121713165 "1" 108 0.00676563243329411 7
0.567813958480124 1.79916615229298 "3" 108 0.00676563243329411 7
-1.5379297998749 -0.323444813749488 "2" 108 0.00676563243329411 7
0.169257295084483 1.15063153990877 "3" 108 0.00676563243329411 7
-1.3918293774896 -0.498704031805807 "2" 108 0.00676563243329411 7
-1.38081819659342 -0.214626593015302 "2" 108 0.00676563243329411 7
-1.73423496996306 -0.427720379564174 "2" 108 0.00676563243329411 7
1.20181080469852 -0.809273822304746 "1" 108 0.00676563243329411 7
1.04293443937678 -0.926524067754167 "1" 108 0.00676563243329411 7
0.379639598082114 1.20209195153029 "3" 108 0.00676563243329411 7
0.303415097322677 0.487303430552556 "3" 108 0.00676563243329411 7
1.31095627400667 -0.787610559315309 "1" 108 0.00676563243329411 7
0.7626880327092 -1.1041005126804 "1" 108 0.00676563243329411 7
0.71280542915059 -0.940228112355195 "1" 108 0.00676563243329411 7
0.742145283440421 -1.05067907441767 "1" 108 0.00676563243329411 7
0.350027450624598 1.0198729747717 "3" 108 0.00676563243329411 7
0.846440528367913 -0.350615661233158 "1" 108 0.00676563243329411 7
0.871265572577117 -0.820844880522947 "1" 108 0.00676563243329411 7
-1.49749984495186 -0.550503959421899 "2" 108 0.00676563243329411 7
0.532081693941856 2.19034275370128 "3" 108 0.00676563243329411 7
0.78415679089722 0.334250647401449 "3" 108 0.00676563243329411 7
-1.04729497897625 -0.0631012018533377 "2" 108 0.00676563243329411 7
-0.932982377286334 -0.64387971891817 "2" 108 0.00676563243329411 7
0.0560603286394252 1.03598772160278 "3" 108 0.00676563243329411 7
-0.726285531037785 1.53674811568422 "3" 147 0.00702235582931514 8
-0.501009845715127 -0.981848326068284 "1" 147 0.00702235582931514 8
-1.22160695783578 -0.868729216107354 "1" 147 0.00702235582931514 8
1.67047089721374 -0.905066558806879 "2" 147 0.00702235582931514 8
-0.375691808513588 0.958263958636213 "3" 147 0.00702235582931514 8
-0.991346029319996 1.43771811703139 "3" 147 0.00702235582931514 8
-1.18255766572847 -0.398301946218942 "1" 147 0.00702235582931514 8
1.52770239267376 0.0370446169753047 "2" 147 0.00702235582931514 8
1.58556110050005 -0.262932777036333 "2" 147 0.00702235582931514 8
-0.338380081060619 1.67448388006128 "3" 147 0.00702235582931514 8
1.17933340053302 -0.0805343263820808 "2" 147 0.00702235582931514 8
-0.953924730554551 -1.12044953359856 "1" 147 0.00702235582931514 8
-0.466992567162524 1.04528622961253 "3" 147 0.00702235582931514 8
1.17104527675178 -0.60499857998293 "2" 147 0.00702235582931514 8
0.316290165113952 1.15837527551963 "3" 147 0.00702235582931514 8
1.76383542279324 -0.382386310655877 "2" 147 0.00702235582931514 8
1.48355593107936 0.232721368003222 "2" 147 0.00702235582931514 8
-0.746044540319324 -1.26791652317126 "1" 147 0.00702235582931514 8
-0.426046298182553 1.35689097908663 "3" 147 0.00702235582931514 8
-0.293358563593485 1.29501944379341 "3" 147 0.00702235582931514 8
-0.567021569551786 1.32456374777766 "3" 147 0.00702235582931514 8
-1.23730288549098 -0.304673240191685 "1" 147 0.00702235582931514 8
-0.884892519613733 -1.7919251972043 "1" 147 0.00702235582931514 8
0.862638940365967 0.12487633841151 "2" 147 0.00702235582931514 8
-1.01199779131909 -0.721592041787665 "1" 147 0.00702235582931514 8
1.44952940936852 -0.487856724525826 "2" 147 0.00702235582931514 8
-1.18153165687526 -0.898546625742977 "1" 147 0.00702235582931514 8
1.48017501251869 -0.332189207850859 "2" 147 0.00702235582931514 8
-0.302034646011585 0.689971311684592 "3" 147 0.00702235582931514 8
-1.08211226102585 -1.46201624694577 "1" 147 0.00702235582931514 8
-0.469499958106876 1.0276815344345 "3" 131 0.0070534796337254 9
1.20276841719439 -0.274637917113338 "1" 131 0.0070534796337254 9
-0.617548296366479 -0.808988507543742 "2" 131 0.0070534796337254 9
-0.616406904651541 0.839100311139697 "3" 131 0.0070534796337254 9
-0.398983185650914 0.86694789329651 "3" 131 0.0070534796337254 9
-0.946322373475512 -1.0074646643217 "2" 131 0.0070534796337254 9
-1.15737524432836 -0.70367634188488 "2" 131 0.0070534796337254 9
-0.93213935037018 -0.683176512763298 "2" 131 0.0070534796337254 9
-1.01734544682762 -1.04856481700832 "2" 131 0.0070534796337254 9
-0.244564358436857 1.77288791284512 "3" 131 0.0070534796337254 9
-0.912972279419459 -1.52592927158251 "2" 131 0.0070534796337254 9
1.55038820102098 0.146960667500295 "1" 131 0.0070534796337254 9
0.971763482373088 -0.463315152049491 "1" 131 0.0070534796337254 9
1.23539589842849 -0.253286846192455 "1" 131 0.0070534796337254 9
-0.928897536760281 -0.972716136667404 "2" 131 0.0070534796337254 9
-0.133035013118146 1.42760518465658 "3" 131 0.0070534796337254 9
-0.854143935006195 -1.61147970034874 "2" 131 0.0070534796337254 9
1.10972689729327 0.0901176372568434 "1" 131 0.0070534796337254 9
1.02436743579514 -0.150910137439179 "1" 131 0.0070534796337254 9
1.36499712213549 -0.113424972732989 "1" 131 0.0070534796337254 9
-0.392265592116578 0.963748669976047 "3" 131 0.0070534796337254 9
-0.868823313251485 -0.598353012352206 "2" 131 0.0070534796337254 9
-1.07620161744516 -1.38770831717475 "2" 131 0.0070534796337254 9
1.31065753213191 0.659446410919839 "1" 131 0.0070534796337254 9
-0.393651309101372 1.45020710303945 "3" 131 0.0070534796337254 9
1.20841500549132 0.119921108570615 "1" 131 0.0070534796337254 9
0.469279235253774 0.929333008561922 "3" 131 0.0070534796337254 9
-0.365518986942195 1.54980099530093 "3" 131 0.0070534796337254 9
-0.340989884905714 0.396980675131533 "3" 131 0.0070534796337254 9
1.21892535916308 -0.637106805454879 "1" 131 0.0070534796337254 9
-0.12473147992994 0.749756949410099 "2" 124 0.00748637978180182 10
1.22721943466881 -0.512342883388626 "3" 124 0.00748637978180182 10
-0.979730912864718 -0.594768844738532 "1" 124 0.00748637978180182 10
1.38526339062848 -0.972007206671676 "3" 124 0.00748637978180182 10
1.54746824968223 -0.52675105598507 "3" 124 0.00748637978180182 10
-1.31969622600932 -0.0364849134308108 "1" 124 0.00748637978180182 10
-1.48886714265329 -0.615777147645949 "1" 124 0.00748637978180182 10
1.84465366915857 -0.648688272633529 "3" 124 0.00748637978180182 10
-1.82140147631386 -0.851480348328203 "1" 124 0.00748637978180182 10
-0.0458745141068562 1.39078540551338 "2" 124 0.00748637978180182 10
-0.398054620111303 0.0767091972950848 "2" 124 0.00748637978180182 10
0.0592300143909336 1.56976332981424 "2" 124 0.00748637978180182 10
-1.42272722003414 -0.397137861853665 "1" 124 0.00748637978180182 10
2.10008602884792 -0.429121796264597 "3" 124 0.00748637978180182 10
1.54560565680047 -0.616869035307627 "3" 124 0.00748637978180182 10
1.80004995450967 -0.457324700656127 "3" 124 0.00748637978180182 10
-1.42279450357448 -0.985420180601201 "1" 124 0.00748637978180182 10
1.9480971255703 -0.0673252293471671 "3" 124 0.00748637978180182 10
-1.91201959891426 -0.924585965448415 "1" 124 0.00748637978180182 10
-1.84307725973929 -0.997737058929155 "1" 124 0.00748637978180182 10
-0.0431928563796387 1.07575526723316 "2" 124 0.00748637978180182 10
0.0542452738183907 1.91269582011141 "2" 124 0.00748637978180182 10
0.312316352353952 1.42376245340071 "2" 124 0.00748637978180182 10
1.4451248376817 -0.426046717124863 "3" 124 0.00748637978180182 10
-1.59058765907902 -0.635284160511276 "1" 124 0.00748637978180182 10
-1.28224136571231 -0.668766300586232 "1" 124 0.00748637978180182 10
-0.258127860022353 0.56584246084114 "2" 124 0.00748637978180182 10
0.233486346357938 2.13933935009953 "2" 124 0.00748637978180182 10
-0.890396059021778 0.451753554723196 "2" 124 0.00748637978180182 10
1.34067441999722 0.00775589101078689 "3" 124 0.00748637978180182 10
-0.813605227180473 1.56290723138809 "1" 78 0.00787584093746559 11
1.57385982313259 0.848424983838427 "2" 78 0.00787584093746559 11
0.842085599785946 0.510723023716243 "2" 78 0.00787584093746559 11
1.3032252556659 0.993110760363805 "2" 78 0.00787584093746559 11
-1.12789222069113 0.572583455370301 "1" 78 0.00787584093746559 11
0.657029726208395 1.0188873751974 "2" 78 0.00787584093746559 11
-0.966134737100666 0.705642797156862 "1" 78 0.00787584093746559 11
-1.40232250900026 1.42791160858124 "1" 78 0.00787584093746559 11
-0.996676004073038 0.68502954907142 "1" 78 0.00787584093746559 11
-1.47458332738553 1.02752827992398 "1" 78 0.00787584093746559 11
0.376391434556532 -1.1142418424602 "3" 78 0.00787584093746559 11
1.83107452367192 0.621975390932919 "2" 78 0.00787584093746559 11
-0.378247838394121 -1.95519335479937 "3" 78 0.00787584093746559 11
1.35062340043791 0.773909155874497 "2" 78 0.00787584093746559 11
1.29505569732497 0.808463384647003 "2" 78 0.00787584093746559 11
1.95581461247931 0.0458236444800229 "2" 78 0.00787584093746559 11
1.31589093473787 0.174398853982399 "2" 78 0.00787584093746559 11
-0.4451742967109 -0.963190846577175 "3" 78 0.00787584093746559 11
-1.08262174656618 0.77154040702485 "1" 78 0.00787584093746559 11
-0.146649067163404 -1.55248587969463 "3" 78 0.00787584093746559 11
-0.760713456956335 1.17780551099792 "1" 78 0.00787584093746559 11
-1.55161184120914 0.156212902528676 "1" 78 0.00787584093746559 11
-0.0833718089848338 -1.63273615310433 "3" 78 0.00787584093746559 11
0.0717124947125253 -1.51686447990888 "3" 78 0.00787584093746559 11
-0.346103444988567 -1.64854207537693 "3" 78 0.00787584093746559 11
-0.287104580871174 -1.55677434445606 "3" 78 0.00787584093746559 11
-0.395991971294022 -1.51474293571214 "3" 78 0.00787584093746559 11
1.0697738382092 0.90686662177916 "2" 78 0.00787584093746559 11
-0.460643561708004 -1.75011885573954 "3" 78 0.00787584093746559 11
-0.923089700645287 0.415145830974052 "1" 78 0.00787584093746559 11
-2.2673755802397 0.270534155849013 "1" 66 0.0024923474672871 12
-2.17467989375794 0.170334371642418 "1" 66 0.0024923474672871 12
-1.41461578279319 0.846271545307835 "1" 66 0.0024923474672871 12
-2.15234034577761 0.265123387256737 "1" 66 0.0024923474672871 12
-1.95445906787917 0.204838760584918 "1" 66 0.0024923474672871 12
-1.65621804906646 -0.0366513991730602 "1" 66 0.0024923474672871 12
-1.50367716112531 0.118265277111965 "1" 66 0.0024923474672871 12
-1.62536639699022 0.876949830997929 "1" 66 0.0024923474672871 12
-1.89957486969481 0.350713561068381 "1" 66 0.0024923474672871 12
-2.03532478639501 1.11734580208464 "1" 66 0.0024923474672871 12
0.215657059091174 -2.23632298122884 "2" 66 0.0024923474672871 12
0.865954799242335 -1.41687855263233 "2" 66 0.0024923474672871 12
0.684502009071178 -1.03436508138452 "2" 66 0.0024923474672871 12
0.476252594338203 -1.79452828700327 "2" 66 0.0024923474672871 12
0.694123352435514 -1.35255791373813 "2" 66 0.0024923474672871 12
0.508910383453686 -1.59644219428332 "2" 66 0.0024923474672871 12
0.352182392806481 -1.81388608340587 "2" 66 0.0024923474672871 12
0.830457246412019 -1.09393809501482 "2" 66 0.0024923474672871 12
0.579741862706347 -1.31924257650448 "2" 66 0.0024923474672871 12
0.404507006271004 -1.13087539931665 "2" 66 0.0024923474672871 12
1.01544939493308 0.719347819145599 "3" 66 0.0024923474672871 12
1.29816140758561 1.09377709530537 "3" 66 0.0024923474672871 12
1.17273023146126 1.61675193864645 "3" 66 0.0024923474672871 12
1.18233002479585 0.93143830104244 "3" 66 0.0024923474672871 12
1.70298543544023 0.987788507639987 "3" 66 0.0024923474672871 12
1.29741529704859 1.36095560262838 "3" 66 0.0024923474672871 12
1.60989617602887 0.707281485971091 "3" 66 0.0024923474672871 12
1.56986644618182 1.24233205568243 "3" 66 0.0024923474672871 12
1.22194110218416 0.976432518992815 "3" 66 0.0024923474672871 12
1.000567712232 0.969206546726905 "3" 66 0.0024923474672871 12
1.21299044699262 0.901395154299632 "1" 142 0.00799540533120398 13
0.992162061708024 0.262139523905789 "1" 142 0.00799540533120398 13
0.09638486821115 -1.54378754593061 "3" 142 0.00799540533120398 13
1.11627800497199 0.646581222791794 "1" 142 0.00799540533120398 13
0.394302050202044 -1.79378497524024 "3" 142 0.00799540533120398 13
0.734701224366379 0.509064704276512 "1" 142 0.00799540533120398 13
-0.287401132593495 -1.03731045102877 "3" 142 0.00799540533120398 13
-1.04319218410972 0.916069112755637 "2" 142 0.00799540533120398 13
-0.779339139872017 0.667215182417456 "2" 142 0.00799540533120398 13
0.378297821943656 -1.61634126240678 "3" 142 0.00799540533120398 13
-0.508165978346553 -0.642531920509987 "3" 142 0.00799540533120398 13
0.186671851211893 -1.59089259938189 "3" 142 0.00799540533120398 13
-1.11997680413226 0.496425930170638 "2" 142 0.00799540533120398 13
0.678183619833876 1.08035061672043 "1" 142 0.00799540533120398 13
-0.305236349187609 0.241720860485186 "2" 142 0.00799540533120398 13
-1.03780268816783 1.13529780377729 "2" 142 0.00799540533120398 13
0.784603160226041 0.213251126475519 "1" 142 0.00799540533120398 13
1.09359801299923 0.130626107286586 "1" 142 0.00799540533120398 13
-1.18840322811564 1.11872208140643 "2" 142 0.00799540533120398 13
-0.950613585380399 0.700783511160967 "2" 142 0.00799540533120398 13
0.100190455437565 -1.00747828305701 "3" 142 0.00799540533120398 13
1.02434490139838 1.02208873495172 "1" 142 0.00799540533120398 13
-1.26282802398828 1.40841053323377 "2" 142 0.00799540533120398 13
-0.399930958368861 -1.11559706819547 "3" 142 0.00799540533120398 13
0.807153398908829 0.944439324584025 "1" 142 0.00799540533120398 13
-0.00109328497356614 -1.25095557628724 "3" 142 0.00799540533120398 13
-0.946394160914743 0.141535325653395 "2" 142 0.00799540533120398 13
0.872437171235539 0.390229602129485 "1" 142 0.00799540533120398 13
-0.764227620837229 0.344426475927717 "2" 142 0.00799540533120398 13
0.122306089340991 -1.67209325237198 "3" 142 0.00799540533120398 13
-0.762958697127055 0.210602408895504 "3" 149 0.00853351852892275 14
-1.49441941484191 0.483607928116471 "3" 149 0.00853351852892275 14
-0.966541215361498 0.318211727525828 "3" 149 0.00853351852892275 14
0.184877105825535 -1.39966673396804 "1" 149 0.00853351852892275 14
-1.07092083603753 0.0186247518149421 "3" 149 0.00853351852892275 14
0.0294379666535616 -0.981549883158596 "1" 149 0.00853351852892275 14
-0.873927375179085 0.0895270841181581 "3" 149 0.00853351852892275 14
0.238870081316341 -1.46290845814751 "1" 149 0.00853351852892275 14
-0.327105977898495 -1.53411332874851 "1" 149 0.00853351852892275 14
-0.362093668979126 -1.40516773930292 "1" 149 0.00853351852892275 14
-0.237459755755013 -1.32283681218344 "1" 149 0.00853351852892275 14
0.969605157069183 0.861687762311889 "2" 149 0.00853351852892275 14
0.405414269232028 -1.13942984603965 "1" 149 0.00853351852892275 14
-0.929821082118768 0.575677057430095 "3" 149 0.00853351852892275 14
0.68834237058545 1.000093446867 "2" 149 0.00853351852892275 14
0.990971636266544 1.04013519094371 "2" 149 0.00853351852892275 14
-0.792923406975075 0.127656431218192 "3" 149 0.00853351852892275 14
-0.0558153931167999 -0.779320452149609 "1" 149 0.00853351852892275 14
0.872666188908311 1.2222029607314 "2" 149 0.00853351852892275 14
1.08024407042976 0.831227803373737 "2" 149 0.00853351852892275 14
0.320422048504566 1.60035801854124 "2" 149 0.00853351852892275 14
0.754370523140908 0.463499368378659 "2" 149 0.00853351852892275 14
0.815608823053139 1.10138212351971 "2" 149 0.00853351852892275 14
0.852149110004091 1.12467875751606 "2" 149 0.00853351852892275 14
-1.19560548556055 0.769452813453423 "3" 149 0.00853351852892275 14
0.338713216002323 -1.24144601024468 "1" 149 0.00853351852892275 14
1.1075638771507 1.1493331884229 "2" 149 0.00853351852892275 14
-0.670329545601147 0.436792968903144 "3" 149 0.00853351852892275 14
-0.614004702036024 -0.423227356525289 "3" 149 0.00853351852892275 14
0.704670112445638 -1.73508517161383 "1" 149 0.00853351852892275 14
1.37175597965312 -0.439005452591626 "2" 96 0.00904425038586892 15
-0.586357824477801 -0.745529028651406 "3" 96 0.00904425038586892 15
0.993365739842189 -0.557440910940004 "2" 96 0.00904425038586892 15
-0.815319442005087 1.41838463198363 "1" 96 0.00904425038586892 15
0.927383751000791 -0.418772048757389 "2" 96 0.00904425038586892 15
-0.0234450251161229 0.870381523490824 "1" 96 0.00904425038586892 15
-0.154191400782891 1.10656511991855 "1" 96 0.00904425038586892 15
-0.0523728712551759 1.45515296475999 "1" 96 0.00904425038586892 15
-0.34589814581798 -0.71690864982208 "3" 96 0.00904425038586892 15
1.50854886338638 -0.0955754964822983 "2" 96 0.00904425038586892 15
-0.330944392718799 1.23427333430836 "1" 96 0.00904425038586892 15
-1.25629167295887 -1.11793927810563 "3" 96 0.00904425038586892 15
-1.33131571400165 -0.820737898556494 "3" 96 0.00904425038586892 15
1.22398043567648 -0.691078998684456 "2" 96 0.00904425038586892 15
1.23872449591014 0.277544877850227 "2" 96 0.00904425038586892 15
-0.65079157787322 1.26823241840333 "1" 96 0.00904425038586892 15
-0.94494027754166 -0.838582421312299 "3" 96 0.00904425038586892 15
-0.093983289560535 -0.766033507513253 "3" 96 0.00904425038586892 15
-1.37264506427357 -0.915420143934746 "3" 96 0.00904425038586892 15
-0.72415453667618 1.46429370914298 "1" 96 0.00904425038586892 15
1.13425031354199 -0.202701307179919 "2" 96 0.00904425038586892 15
1.48084366767605 -0.440554492584557 "2" 96 0.00904425038586892 15
1.15379587559832 0.0439449175787883 "2" 96 0.00904425038586892 15
-0.281753975280663 -1.66686410230928 "3" 96 0.00904425038586892 15
-0.149184394605162 1.4307053522424 "1" 96 0.00904425038586892 15
-1.09068956327644 -1.18475004742571 "3" 96 0.00904425038586892 15
-0.911856506307037 -1.20544665395512 "3" 96 0.00904425038586892 15
-0.338320596727737 1.64624622990936 "1" 96 0.00904425038586892 15
0.742945609675032 -0.718510886549628 "2" 96 0.00904425038586892 15
-0.321138460703928 1.32612624576746 "1" 96 0.00904425038586892 15
1.39937048256767 1.68731210343926 "2" 139 0.00926026788102204 16
0.52156651552678 0.688559287877981 "2" 139 0.00926026788102204 16
0.8779785071773 1.24557758320481 "2" 139 0.00926026788102204 16
0.856093209855504 1.75874180411133 "2" 139 0.00926026788102204 16
-0.531945324006053 0.761182552393588 "3" 139 0.00926026788102204 16
-1.45678080024376 0.159028449209426 "3" 139 0.00926026788102204 16
-1.32587436946628 0.354508571870459 "3" 139 0.00926026788102204 16
-1.75183086679447 0.0711756173006492 "3" 139 0.00926026788102204 16
0.590720459182571 1.37595015362323 "2" 139 0.00926026788102204 16
0.161018043544857 0.887328876006662 "2" 139 0.00926026788102204 16
-1.32098461627522 0.139962191900383 "3" 139 0.00926026788102204 16
0.341443302392355 -1.68525344632184 "1" 139 0.00926026788102204 16
0.736739512107488 -1.88320271519893 "1" 139 0.00926026788102204 16
0.976658427073729 -1.02098409864966 "1" 139 0.00926026788102204 16
0.220481471796225 0.613775425979396 "2" 139 0.00926026788102204 16
0.606395467429358 -1.20941494821173 "1" 139 0.00926026788102204 16
-1.3255232800348 0.416674432480767 "3" 139 0.00926026788102204 16
0.250099768027844 0.168442818732124 "2" 139 0.00926026788102204 16
-1.29633383626304 -0.0315309266841893 "3" 139 0.00926026788102204 16
0.341032495196371 -1.16201346933607 "1" 139 0.00926026788102204 16
0.111434261368613 -1.74005659249601 "1" 139 0.00926026788102204 16
0.932308694283581 -0.673530291212862 "1" 139 0.00926026788102204 16
-1.47003240579217 -0.0912379941656888 "3" 139 0.00926026788102204 16
0.96982351863893 -1.24111803456262 "1" 139 0.00926026788102204 16
0.797608987427246 0.901781888087186 "2" 139 0.00926026788102204 16
0.71154403101566 0.885742021492485 "2" 139 0.00926026788102204 16
0.698956661067685 -1.39841576344277 "1" 139 0.00926026788102204 16
-0.826307019060163 0.328295137358036 "3" 139 0.00926026788102204 16
0.452066366578921 -0.910788909372089 "1" 139 0.00926026788102204 16
-1.24772766432274 0.603508274586673 "3" 139 0.00926026788102204 16
-1.73046127655111 -0.0208269304397419 "3" 86 0.00930844337051391 17
1.05416628405026 -0.983202480521437 "2" 86 0.00930844337051391 17
-1.0294075929854 0.0456017389041504 "3" 86 0.00930844337051391 17
1.34580855238506 -0.379436592050991 "2" 86 0.00930844337051391 17
0.349316931985407 1.47272145495225 "1" 86 0.00930844337051391 17
-1.8053952886892 -1.61791108050263 "3" 86 0.00930844337051391 17
0.938077819498231 -1.34041207816222 "2" 86 0.00930844337051391 17
1.18499687581522 -1.53012766346769 "2" 86 0.00930844337051391 17
0.22788551202543 0.463783785677258 "1" 86 0.00930844337051391 17
-1.6045785452834 -0.153955924874379 "3" 86 0.00930844337051391 17
0.815800003140865 -0.565303170194096 "2" 86 0.00930844337051391 17
-1.4939658879122 -0.834593207569901 "3" 86 0.00930844337051391 17
-1.49656356259998 -0.260799316862946 "3" 86 0.00930844337051391 17
1.18941242993302 -0.896320985459049 "2" 86 0.00930844337051391 17
1.52183452334891 -1.0817877402334 "2" 86 0.00930844337051391 17
0.673724144950043 1.44000092421093 "1" 86 0.00930844337051391 17
-1.16004870208499 -0.707266123386289 "3" 86 0.00930844337051391 17
0.335971055627436 1.1506862054447 "1" 86 0.00930844337051391 17
-1.49897882921857 0.3340677970094 "3" 86 0.00930844337051391 17
0.32164917390157 1.66644634619493 "1" 86 0.00930844337051391 17
0.559842946737101 -0.828111140999177 "2" 86 0.00930844337051391 17
-1.03340161414993 0.266518028182067 "3" 86 0.00930844337051391 17
1.17854840347064 -1.12456731424801 "2" 86 0.00930844337051391 17
-0.0424051285522065 1.48656604897781 "1" 86 0.00930844337051391 17
-0.11934781314914 1.25002592030566 "1" 86 0.00930844337051391 17
0.228324021846317 1.81857241292379 "1" 86 0.00930844337051391 17
0.348062421598154 1.22645828998207 "1" 86 0.00930844337051391 17
0.768685205718948 1.19600450010224 "1" 86 0.00930844337051391 17
-1.19335634236295 -0.447459101684381 "3" 86 0.00930844337051391 17
1.16580427750647 -1.04537260221091 "2" 86 0.00930844337051391 17
0.594532039194549 -0.334110017195339 "1" 91 0.00931312958826015 18
1.31124830711021 -0.526102797307374 "1" 91 0.00931312958826015 18
0.00133894835903725 1.1491962264354 "3" 91 0.00931312958826015 18
-1.72932507867339 -0.71970521943332 "2" 91 0.00931312958826015 18
-0.567300155168311 1.95818808720068 "3" 91 0.00931312958826015 18
0.702874991802124 0.516280622871853 "3" 91 0.00931312958826015 18
-0.111371623837466 1.17720996375074 "3" 91 0.00931312958826015 18
-0.778797099672186 -1.29059243466949 "2" 91 0.00931312958826015 18
-0.748812753972677 -0.571377096690941 "2" 91 0.00931312958826015 18
-0.0119679459144305 1.63484271131658 "3" 91 0.00931312958826015 18
-0.537418106171006 1.37623902306396 "3" 91 0.00931312958826015 18
-0.865271471520221 -1.04891580308036 "2" 91 0.00931312958826015 18
-1.69537197977286 -0.400091030704052 "2" 91 0.00931312958826015 18
1.20504064222948 -0.835917685373197 "1" 91 0.00931312958826015 18
-0.566641812167471 -0.702899398019137 "2" 91 0.00931312958826015 18
-1.10568926650279 -1.01622072403365 "2" 91 0.00931312958826015 18
0.901431651312705 -0.712285974709237 "1" 91 0.00931312958826015 18
0.33305841832668 1.27436913604427 "3" 91 0.00931312958826015 18
-1.34751158481664 -0.509612896320666 "2" 91 0.00931312958826015 18
-0.98629534513071 -0.763866910971444 "2" 91 0.00931312958826015 18
0.832509767184216 -0.2048142552173 "1" 91 0.00931312958826015 18
0.399719446651094 1.29343095604868 "3" 91 0.00931312958826015 18
1.44714698061873 -0.696780898044482 "1" 91 0.00931312958826015 18
-0.703818373036323 -1.12098524588391 "2" 91 0.00931312958826015 18
-0.100682057419648 1.33732227410778 "3" 91 0.00931312958826015 18
1.58341262600044 -0.875858175340245 "1" 91 0.00931312958826015 18
0.823413257866267 -0.504550880300736 "1" 91 0.00931312958826015 18
-0.436525804759686 1.28533181905746 "3" 91 0.00931312958826015 18
1.14486460311338 -0.125390843919977 "1" 91 0.00931312958826015 18
1.0122087787669 -0.0423325326825202 "1" 91 0.00931312958826015 18
0.626450991966146 0.380023429926599 "3" 105 0.00962640236473422 19
-0.780903058220046 0.399888444198487 "2" 105 0.00962640236473422 19
0.963796294102349 0.962006250839613 "3" 105 0.00962640236473422 19
0.683457403984746 1.02569962666414 "3" 105 0.00962640236473422 19
0.171610317135051 -1.39117051075581 "1" 105 0.00962640236473422 19
0.112272688470673 -1.15961029350747 "1" 105 0.00962640236473422 19
-1.13134847376555 0.194398501896285 "2" 105 0.00962640236473422 19
0.112840037459002 -1.72366795830198 "1" 105 0.00962640236473422 19
-0.762693748949037 0.828651841930918 "2" 105 0.00962640236473422 19
0.210551260535095 -0.966921203155174 "1" 105 0.00962640236473422 19
-0.727734200842342 -1.3258751467633 "1" 105 0.00962640236473422 19
-1.13537815107316 0.75561900141197 "2" 105 0.00962640236473422 19
0.955127686287936 0.967212051488186 "3" 105 0.00962640236473422 19
-1.56676644008435 0.339321693945047 "2" 105 0.00962640236473422 19
0.196644475659341 -1.32782816941096 "1" 105 0.00962640236473422 19
0.272489077930999 -1.28557540702783 "1" 105 0.00962640236473422 19
-0.789152485753052 0.0951208559291253 "2" 105 0.00962640236473422 19
-1.2442423340569 0.608078071109448 "2" 105 0.00962640236473422 19
0.0279679972463184 -1.51999131622768 "1" 105 0.00962640236473422 19
-1.10517290408388 0.434836970538053 "2" 105 0.00962640236473422 19
-0.0524533553045665 -0.904982658574769 "1" 105 0.00962640236473422 19
-0.478403180723757 0.503421455368836 "2" 105 0.00962640236473422 19
0.90330523669725 1.13639530322004 "3" 105 0.00962640236473422 19
1.80246628670184 0.824946479627943 "3" 105 0.00962640236473422 19
0.498888313503185 -1.13331223660458 "1" 105 0.00962640236473422 19
0.84899150855797 1.22002566403031 "3" 105 0.00962640236473422 19
1.00231922123955 0.821496337741813 "3" 105 0.00962640236473422 19
0.901806106330168 0.510680789963894 "3" 105 0.00962640236473422 19
0.661196959363651 0.181405292118922 "3" 105 0.00962640236473422 19
-1.17793353031462 0.549706838379919 "2" 105 0.00962640236473422 19
1.44652146156562 0.450901979880102 "2" 76 0.00976053465221316 20
-0.105325882287477 -1.05813912861195 "1" 76 0.00976053465221316 20
0.367711162941754 -1.15834089303899 "1" 76 0.00976053465221316 20
1.21965454765271 0.551765588990131 "2" 76 0.00976053465221316 20
0.8745567836898 0.58536247307277 "2" 76 0.00976053465221316 20
-1.07346592398873 0.449802707165534 "3" 76 0.00976053465221316 20
-1.03834705621616 0.407714718557529 "3" 76 0.00976053465221316 20
1.91986780688276 0.80034450186931 "2" 76 0.00976053465221316 20
0.323906806863393 -0.690323811009697 "1" 76 0.00976053465221316 20
-1.58854815237028 0.731778437787695 "3" 76 0.00976053465221316 20
-1.38221049929402 -0.0556861723864185 "3" 76 0.00976053465221316 20
-1.4039967818851 0.62953505548936 "3" 76 0.00976053465221316 20
-2.19396904393573 0.440821868723471 "3" 76 0.00976053465221316 20
1.62650736989896 0.423916766271775 "2" 76 0.00976053465221316 20
0.0539969804411505 -1.03163840727813 "1" 76 0.00976053465221316 20
1.34011084786601 1.08704143344218 "2" 76 0.00976053465221316 20
-0.151146343111966 -0.649619679583592 "1" 76 0.00976053465221316 20
2.04587879319366 0.845885775483852 "2" 76 0.00976053465221316 20
1.3549694968793 0.631649786427333 "2" 76 0.00976053465221316 20
-1.56960249670553 0.474380262054429 "3" 76 0.00976053465221316 20
1.09291982027569 0.529877288183046 "2" 76 0.00976053465221316 20
0.518986799489639 -0.989101643970608 "1" 76 0.00976053465221316 20
-1.44000970526553 0.220047080944401 "3" 76 0.00976053465221316 20
-0.628141069325815 0.426175003344658 "3" 76 0.00976053465221316 20
-0.0681278939093657 -1.32348041815607 "1" 76 0.00976053465221316 20
0.174441215320105 -1.78520463917495 "1" 76 0.00976053465221316 20
-0.0536647685359547 -0.997714414969906 "1" 76 0.00976053465221316 20
-1.40932837239929 0.544292911962627 "3" 76 0.00976053465221316 20
0.511309150923375 0.715016085413769 "2" 76 0.00976053465221316 20
-0.765455054652981 -1.20706051688366 "1" 76 0.00976053465221316 20
